Datetime,Open,High,Low,Close,Volume
2022-11-25 09:30:00,184.10000610351562,184.1199951171875,183.99000549316406,184.05999755859375,8006.0
2022-11-25 09:31:00,184.19000244140625,184.19000244140625,184.02999877929688,184.0399932861328,7863.0
2022-11-25 09:32:00,183.99000549316406,183.99000549316406,183.97000122070312,183.97000122070312,481.0
2022-11-25 09:33:00,183.99000549316406,184.05999755859375,183.9600067138672,184.0500030517578,1287.0
2022-11-25 09:34:00,184.0399932861328,184.0399932861328,184.0,184.0,684.0
2022-11-25 09:35:00,184.14999389648438,184.16000366210938,184.0800018310547,184.0800018310547,895.0
2022-11-25 09:36:00,184.0749969482422,184.1199951171875,184.0749969482422,184.1199951171875,1043.0
2022-11-25 09:37:00,184.19000244140625,184.22000122070312,184.19000244140625,184.22000122070312,635.0
2022-11-25 09:38:00,184.11000061035156,184.11000061035156,183.94000244140625,183.94000244140625,1825.0
2022-11-25 09:39:00,183.82000732421875,183.82000732421875,183.82000732421875,183.82000732421875,201.0
2022-11-25 09:40:00,183.7808074951172,183.82000732421875,183.75,183.77999877929688,3390.0
2022-11-25 09:41:00,183.69000244140625,183.69000244140625,183.69000244140625,183.69000244140625,612.0
2022-11-25 09:42:00,183.6649932861328,183.6649932861328,183.65499877929688,183.65499877929688,519.0
2022-11-25 09:43:00,183.5800018310547,183.5800018310547,183.50999450683594,183.50999450683594,660.0
2022-11-25 09:44:00,183.57000732421875,183.66000366210938,183.57000732421875,183.66000366210938,625.0
2022-11-25 09:45:00,183.63999938964844,183.69000244140625,183.63999938964844,183.69000244140625,1251.0
2022-11-25 09:46:00,183.66000366210938,183.66000366210938,183.66000366210938,183.66000366210938,110.0
2022-11-25 09:47:00,183.64999389648438,183.69000244140625,183.4499969482422,183.52000427246094,4332.0
2022-11-25 09:48:00,183.52000427246094,183.58999633789062,183.50999450683594,183.50999450683594,1052.0
2022-11-25 09:49:00,183.55999755859375,183.6199951171875,183.55999755859375,183.6199951171875,1383.0
2022-11-25 09:50:00,183.75999450683594,183.77999877929688,183.75999450683594,183.77999877929688,453.0
2022-11-25 09:51:00,183.75,183.75,183.63999938964844,183.67999267578125,2055.0
2022-11-25 09:52:00,183.75,183.75,183.74000549316406,183.74000549316406,558.0
2022-11-25 09:53:00,183.8000030517578,183.82000732421875,183.8000030517578,183.82000732421875,403.0
2022-11-25 09:54:00,183.8000030517578,183.8000030517578,183.64999389648438,183.64999389648438,1521.0
2022-11-25 09:55:00,183.6562957763672,183.6562957763672,183.57000732421875,183.57000732421875,569.0
2022-11-25 09:56:00,183.61500549316406,183.7899932861328,183.58999633789062,183.78250122070312,5553.0
2022-11-25 09:57:00,183.8300018310547,183.86000061035156,183.82000732421875,183.82000732421875,761.0
2022-11-25 09:58:00,183.8800048828125,183.8800048828125,183.875,183.8800048828125,818.0
2022-11-25 09:59:00,183.89999389648438,183.89999389648438,183.75999450683594,183.82000732421875,1253.0
2022-11-25 10:00:00,183.8800048828125,183.8800048828125,183.8800048828125,183.8800048828125,275.0
2022-11-25 10:01:00,183.88999938964844,183.94000244140625,183.88999938964844,183.94000244140625,1031.0
2022-11-25 10:02:00,183.88999938964844,183.88999938964844,183.88999938964844,183.88999938964844,974.0
2022-11-25 10:03:00,183.8000030517578,183.8800048828125,183.75999450683594,183.85000610351562,1131.0
2022-11-25 10:04:00,183.88999938964844,183.88999938964844,183.76499938964844,183.76499938964844,1288.0
2022-11-25 10:05:00,183.8300018310547,183.8300018310547,183.80999755859375,183.80999755859375,418.0
2022-11-25 10:06:00,183.8699951171875,183.8800048828125,183.8300018310547,183.8300018310547,1054.0
2022-11-25 10:07:00,183.8300018310547,183.8699951171875,183.80999755859375,183.80999755859375,2688.0
2022-11-25 10:08:00,183.8800048828125,183.8800048828125,183.85499572753906,183.85499572753906,506.0
2022-11-25 10:09:00,183.86000061035156,183.87789916992188,183.86000061035156,183.87789916992188,733.0
2022-11-25 10:10:00,183.89999389648438,183.89999389648438,183.89999389648438,183.89999389648438,382.0
2022-11-25 10:11:00,183.88040161132812,183.88040161132812,183.82000732421875,183.86000061035156,480.0
2022-11-25 10:12:00,183.86000061035156,183.86000061035156,183.86000061035156,183.86000061035156,248.0
2022-11-25 10:13:00,183.7899932861328,183.82000732421875,183.7899932861328,183.82000732421875,480.0
2022-11-25 10:14:00,183.75999450683594,183.75999450683594,183.66000366210938,183.66000366210938,1554.0
2022-11-25 10:15:00,183.6999969482422,183.6999969482422,183.66000366210938,183.66000366210938,451.0
2022-11-25 10:16:00,183.60000610351562,183.60000610351562,183.5800018310547,183.5800018310547,338.0
2022-11-25 10:17:00,183.61000061035156,183.6199951171875,183.57000732421875,183.5854949951172,2101.0
2022-11-25 10:18:00,183.52999877929688,183.60000610351562,183.52999877929688,183.5850067138672,1000.0
2022-11-25 10:19:00,183.5399932861328,183.5399932861328,183.5399932861328,183.5399932861328,446.0
2022-11-25 10:20:00,183.50999450683594,183.50999450683594,183.4199981689453,183.43499755859375,2503.0
2022-11-25 10:21:00,183.4199981689453,183.47500610351562,183.4199981689453,183.47000122070312,2043.0
2022-11-25 10:22:00,183.44000244140625,183.57000732421875,183.44000244140625,183.57000732421875,1483.0
2022-11-25 10:23:00,183.57000732421875,183.57000732421875,183.57000732421875,183.57000732421875,230.0
2022-11-25 10:24:00,183.60000610351562,183.67999267578125,183.60000610351562,183.67999267578125,794.0
2022-11-25 10:25:00,183.66099548339844,183.69000244140625,183.6510009765625,183.69000244140625,1529.0
2022-11-25 10:26:00,183.72000122070312,183.72000122070312,183.64999389648438,183.64999389648438,1398.0
2022-11-25 10:27:00,183.6029052734375,183.6029052734375,183.6029052734375,183.6029052734375,254.0
2022-11-25 10:28:00,183.5424041748047,183.5424041748047,183.4199981689453,183.4199981689453,790.0
2022-11-25 10:29:00,183.47000122070312,183.47000122070312,183.44000244140625,183.4499969482422,415.0
2022-11-25 10:30:00,183.47000122070312,183.49000549316406,183.47000122070312,183.47999572753906,2032.0
2022-11-25 10:31:00,183.5,183.5,183.47999572753906,183.47999572753906,959.0
2022-11-25 10:32:00,183.4199981689453,183.4199981689453,183.41000366210938,183.41000366210938,528.0
2022-11-25 10:33:00,183.41000366210938,183.42999267578125,183.41000366210938,183.42999267578125,927.0
2022-11-25 10:34:00,183.46530151367188,183.49000549316406,183.46530151367188,183.47999572753906,477.0
2022-11-25 10:35:00,183.4600067138672,183.52000427246094,183.4600067138672,183.52000427246094,668.0
2022-11-25 10:36:00,183.51190185546875,183.51190185546875,183.47999572753906,183.47999572753906,384.0
2022-11-25 10:37:00,183.4600067138672,183.4600067138672,183.4199981689453,183.4199981689453,835.0
2022-11-25 10:38:00,183.36000061035156,183.36000061035156,183.36000061035156,183.36000061035156,146.0
2022-11-25 10:39:00,183.36000061035156,183.3699951171875,183.36000061035156,183.3699951171875,482.0
2022-11-25 10:40:00,183.41000366210938,183.41000366210938,183.38999938964844,183.38999938964844,517.0
2022-11-25 10:41:00,183.35000610351562,183.3800048828125,183.35000610351562,183.36000061035156,380.0
2022-11-25 10:42:00,183.36000061035156,183.36000061035156,183.3000030517578,183.3000030517578,470.0
2022-11-25 10:43:00,183.32000732421875,183.32000732421875,183.32000732421875,183.32000732421875,481.0
2022-11-25 10:44:00,183.32000732421875,183.3800048828125,183.30999755859375,183.3800048828125,2862.0
2022-11-25 10:45:00,,,,,
2022-11-25 10:46:00,183.42999267578125,183.42999267578125,183.35000610351562,183.35000610351562,1028.0
2022-11-25 10:47:00,183.36000061035156,183.3800048828125,183.36000061035156,183.3800048828125,803.0
2022-11-25 10:48:00,183.3800048828125,183.3800048828125,183.32000732421875,183.3300018310547,697.0
2022-11-25 10:49:00,183.3300018310547,183.36000061035156,183.3300018310547,183.36000061035156,784.0
2022-11-25 10:50:00,183.38999938964844,183.39999389648438,183.38999938964844,183.38999938964844,856.0
2022-11-25 10:51:00,183.41000366210938,183.41000366210938,183.41000366210938,183.41000366210938,417.0
2022-11-25 10:52:00,183.4499969482422,183.48500061035156,183.4499969482422,183.47000122070312,1083.0
2022-11-25 10:53:00,183.52000427246094,183.52000427246094,183.41000366210938,183.41000366210938,2749.0
2022-11-25 10:54:00,183.47000122070312,183.47000122070312,183.47000122070312,183.47000122070312,702.0
2022-11-25 10:55:00,183.5500030517578,183.5500030517578,183.5500030517578,183.5500030517578,315.0
2022-11-25 10:56:00,183.5399932861328,183.60760498046875,183.49000549316406,183.52000427246094,2691.0
2022-11-25 10:57:00,183.5500030517578,183.5500030517578,183.52000427246094,183.52000427246094,1138.0
2022-11-25 10:58:00,183.5,183.5,183.47999572753906,183.47999572753906,232.0
2022-11-25 10:59:00,183.47000122070312,183.52000427246094,183.47000122070312,183.47999572753906,854.0
2022-11-25 11:00:00,183.5050048828125,183.52000427246094,183.5,183.52000427246094,1141.0
2022-11-25 11:01:00,183.55999755859375,183.55999755859375,183.44580078125,183.4499969482422,1955.0
2022-11-25 11:02:00,183.47999572753906,183.52000427246094,183.47999572753906,183.52000427246094,1268.0
2022-11-25 11:03:00,183.58999633789062,183.64999389648438,183.58999633789062,183.64999389648438,730.0
2022-11-25 11:04:00,183.75030517578125,183.75030517578125,183.75030517578125,183.75030517578125,175.0
2022-11-25 11:05:00,183.72999572753906,183.75,183.72999572753906,183.75,438.0
2022-11-25 11:06:00,183.7899932861328,183.8000030517578,183.7899932861328,183.8000030517578,1058.0
2022-11-25 11:07:00,183.8300018310547,183.83999633789062,183.77000427246094,183.77000427246094,2746.0
2022-11-25 11:08:00,183.72000122070312,183.72000122070312,183.72000122070312,183.72000122070312,326.0
2022-11-25 11:09:00,183.74000549316406,183.75999450683594,183.71499633789062,183.75999450683594,994.0
2022-11-25 11:10:00,183.75,183.75,183.75,183.75,412.0
2022-11-25 11:11:00,183.75999450683594,183.75999450683594,183.72999572753906,183.72999572753906,621.0
2022-11-25 11:12:00,183.6999969482422,183.6999969482422,183.6999969482422,183.6999969482422,278.0
2022-11-25 11:13:00,183.6999969482422,183.7100067138672,183.6999969482422,183.7100067138672,1203.0
2022-11-25 11:14:00,,,,,
2022-11-25 11:15:00,,,,,
2022-11-25 11:16:00,183.6497039794922,183.6497039794922,183.6497039794922,183.6497039794922,134.0
2022-11-25 11:17:00,183.67999267578125,183.72000122070312,183.67999267578125,183.72000122070312,709.0
2022-11-25 11:18:00,183.75,183.82000732421875,183.75,183.82000732421875,744.0
2022-11-25 11:19:00,,,,,
2022-11-25 11:20:00,183.86329650878906,183.92999267578125,183.86329650878906,183.92999267578125,629.0
2022-11-25 11:21:00,183.9199981689453,183.92999267578125,183.9199981689453,183.92999267578125,470.0
2022-11-25 11:22:00,,,,,
2022-11-25 11:23:00,183.9199981689453,183.9416961669922,183.91009521484375,183.91009521484375,1448.0
2022-11-25 11:24:00,183.97000122070312,183.97000122070312,183.7899932861328,183.7899932861328,4566.0
2022-11-25 11:25:00,183.8498992919922,183.8498992919922,183.8498992919922,183.8498992919922,316.0
2022-11-25 11:26:00,183.85000610351562,183.85000610351562,183.85000610351562,183.85000610351562,331.0
2022-11-25 11:27:00,183.85000610351562,183.85000610351562,183.82000732421875,183.82000732421875,984.0
2022-11-25 11:28:00,183.8300018310547,183.83489990234375,183.8300018310547,183.83489990234375,629.0
2022-11-25 11:29:00,183.86000061035156,183.9199981689453,183.86000061035156,183.9199981689453,1140.0
2022-11-25 11:30:00,183.94580078125,183.94580078125,183.8699951171875,183.9199981689453,2045.0
2022-11-25 11:31:00,183.9499969482422,183.9499969482422,183.9199981689453,183.92999267578125,2047.0
2022-11-25 11:32:00,183.9499969482422,183.9600067138672,183.94000244140625,183.94000244140625,1286.0
2022-11-25 11:33:00,183.8699951171875,184.11000061035156,183.8699951171875,184.08999633789062,5480.0
2022-11-25 11:34:00,184.02000427246094,184.08999633789062,183.8800048828125,183.88999938964844,4692.0
2022-11-25 11:35:00,183.8800048828125,183.8800048828125,183.8800048828125,183.8800048828125,139.0
2022-11-25 11:36:00,183.86000061035156,183.86000061035156,183.86000061035156,183.86000061035156,222.0
2022-11-25 11:37:00,,,,,
2022-11-25 11:38:00,183.72999572753906,183.8300018310547,183.72999572753906,183.8300018310547,1799.0
2022-11-25 11:39:00,,,,,
2022-11-25 11:40:00,183.72000122070312,183.72000122070312,183.72000122070312,183.72000122070312,438.0
2022-11-25 11:41:00,,,,,
2022-11-25 11:42:00,,,,,
2022-11-25 11:43:00,183.63499450683594,183.63499450683594,183.63499450683594,183.63499450683594,299.0
2022-11-25 11:44:00,183.6732940673828,183.67999267578125,183.59469604492188,183.67999267578125,822.0
2022-11-25 11:45:00,183.72000122070312,183.8300018310547,183.72000122070312,183.8300018310547,3324.0
2022-11-25 11:46:00,,,,,
2022-11-25 11:47:00,,,,,
2022-11-25 11:48:00,183.8699951171875,183.8699951171875,183.8699951171875,183.8699951171875,393.0
2022-11-25 11:49:00,,,,,
2022-11-25 11:50:00,183.83250427246094,183.9199981689453,183.83250427246094,183.9199981689453,535.0
2022-11-25 11:51:00,,,,,
2022-11-25 11:52:00,183.94000244140625,183.9499969482422,183.94000244140625,183.9499969482422,565.0
2022-11-25 11:53:00,183.9600067138672,184.00509643554688,183.9600067138672,184.00509643554688,890.0
2022-11-25 11:54:00,183.99490356445312,184.09500122070312,183.99490356445312,184.05999755859375,1400.0
2022-11-25 11:55:00,184.0749969482422,184.0749969482422,184.0749969482422,184.0749969482422,102.0
2022-11-25 11:56:00,184.02000427246094,184.02000427246094,184.00999450683594,184.00999450683594,1421.0
2022-11-25 11:57:00,184.0399932861328,184.0399932861328,184.0399932861328,184.0399932861328,571.0
2022-11-25 11:58:00,184.05999755859375,184.05999755859375,184.02000427246094,184.02000427246094,906.0
2022-11-25 11:59:00,184.0500030517578,184.0500030517578,183.99009704589844,184.02000427246094,1175.0
2022-11-25 12:00:00,184.00999450683594,184.00999450683594,183.97000122070312,183.97000122070312,1068.0
2022-11-25 12:01:00,183.9600067138672,183.99000549316406,183.9600067138672,183.99000549316406,820.0
2022-11-25 12:02:00,183.99000549316406,183.99000549316406,183.99000549316406,183.99000549316406,441.0
2022-11-25 12:03:00,184.02000427246094,184.0800018310547,184.02000427246094,184.0800018310547,911.0
2022-11-25 12:04:00,184.16000366210938,184.16000366210938,184.16000366210938,184.16000366210938,375.0
2022-11-25 12:05:00,184.11000061035156,184.15499877929688,184.11000061035156,184.15499877929688,918.0
2022-11-25 12:06:00,184.17999267578125,184.17999267578125,184.1699981689453,184.1699981689453,359.0
2022-11-25 12:07:00,184.1999969482422,184.1999969482422,184.1300048828125,184.1300048828125,779.0
2022-11-25 12:08:00,184.19000244140625,184.22000122070312,184.19000244140625,184.22000122070312,453.0
2022-11-25 12:09:00,184.22999572753906,184.22999572753906,184.18190002441406,184.18190002441406,534.0
2022-11-25 12:10:00,184.22999572753906,184.3300018310547,184.22999572753906,184.3300018310547,806.0
2022-11-25 12:11:00,184.42999267578125,184.42999267578125,184.42999267578125,184.42999267578125,160.0
2022-11-25 12:12:00,184.39999389648438,184.4149932861328,184.38999938964844,184.39999389648438,918.0
2022-11-25 12:13:00,184.39999389648438,184.39999389648438,184.35000610351562,184.35000610351562,688.0
2022-11-25 12:14:00,184.33999633789062,184.36000061035156,184.32350158691406,184.32350158691406,2220.0
2022-11-25 12:15:00,184.32000732421875,184.32000732421875,184.30999755859375,184.30999755859375,522.0
2022-11-25 12:16:00,184.2989959716797,184.2989959716797,184.27000427246094,184.27000427246094,607.0
2022-11-25 12:17:00,184.27000427246094,184.27000427246094,184.27000427246094,184.27000427246094,100.0
2022-11-25 12:18:00,184.27000427246094,184.2899932861328,184.26499938964844,184.2899932861328,1381.0
2022-11-25 12:19:00,184.33999633789062,184.33999633789062,184.33999633789062,184.33999633789062,244.0
2022-11-25 12:20:00,184.33999633789062,184.33999633789062,184.33999633789062,184.33999633789062,534.0
2022-11-25 12:21:00,184.36000061035156,184.41000366210938,184.36000061035156,184.41000366210938,778.0
2022-11-25 12:22:00,184.41000366210938,184.41000366210938,184.3699951171875,184.3699951171875,494.0
2022-11-25 12:23:00,184.3699951171875,184.41000366210938,184.3699951171875,184.41000366210938,835.0
2022-11-25 12:24:00,184.38999938964844,184.38999938964844,184.36000061035156,184.36000061035156,1149.0
2022-11-25 12:25:00,184.3000030517578,184.35000610351562,184.3000030517578,184.35000610351562,780.0
2022-11-25 12:26:00,184.3699951171875,184.3800048828125,184.35000610351562,184.3800048828125,406.0
2022-11-25 12:27:00,184.3800048828125,184.3800048828125,184.3699951171875,184.3699951171875,328.0
2022-11-25 12:28:00,184.3800048828125,184.3800048828125,184.30999755859375,184.30999755859375,848.0
2022-11-25 12:29:00,184.36000061035156,184.36000061035156,184.30999755859375,184.30999755859375,859.0
2022-11-25 12:30:00,184.33999633789062,184.3699951171875,184.3000030517578,184.3699951171875,1815.0
2022-11-25 12:31:00,184.41000366210938,184.42999267578125,184.40330505371094,184.42999267578125,2136.0
2022-11-25 12:32:00,184.49000549316406,184.49000549316406,184.49000549316406,184.49000549316406,212.0
2022-11-25 12:33:00,184.49000549316406,184.49000549316406,184.22999572753906,184.22999572753906,2158.0
2022-11-25 12:34:00,184.1699981689453,184.1699981689453,184.1699981689453,184.1699981689453,192.0
2022-11-25 12:35:00,184.10000610351562,184.10000610351562,184.10000610351562,184.10000610351562,227.0
2022-11-25 12:36:00,184.17999267578125,184.17999267578125,184.0800018310547,184.0800018310547,759.0
2022-11-25 12:37:00,184.13999938964844,184.24000549316406,184.13999938964844,184.24000549316406,1435.0
2022-11-25 12:38:00,184.22999572753906,184.25,184.22000122070312,184.22000122070312,874.0
2022-11-25 12:39:00,184.25999450683594,184.25999450683594,184.25999450683594,184.25999450683594,323.0
2022-11-25 12:40:00,184.17999267578125,184.1999969482422,184.16000366210938,184.16000366210938,1039.0
2022-11-25 12:41:00,184.1199951171875,184.1199951171875,184.07000732421875,184.07000732421875,332.0
2022-11-25 12:42:00,184.08999633789062,184.08999633789062,184.06500244140625,184.06500244140625,299.0
2022-11-25 12:43:00,184.06500244140625,184.1999969482422,184.00770568847656,184.125,2110.0
2022-11-25 12:44:00,184.10000610351562,184.16000366210938,184.10000610351562,184.16000366210938,485.0
2022-11-25 12:45:00,184.13999938964844,184.13999938964844,184.13999938964844,184.13999938964844,254.0
2022-11-25 13:00:00,184.11000061035156,184.11000061035156,184.11000061035156,184.11000061035156,0.0
2022-11-28 09:30:00,184.22999572753906,184.6699981689453,184.22999572753906,184.6699981689453,6755.0
2022-11-28 09:31:00,184.7899932861328,184.7949981689453,184.6699981689453,184.74000549316406,7517.0
2022-11-28 09:32:00,184.7899932861328,184.91000366210938,184.77999877929688,184.91000366210938,1491.0
2022-11-28 09:33:00,184.88999938964844,184.9199981689453,184.88999938964844,184.9199981689453,408.0
2022-11-28 09:34:00,184.8699951171875,185.0,184.8699951171875,185.0,885.0
2022-11-28 09:35:00,184.9600067138672,185.0,184.9499969482422,184.9499969482422,662.0
2022-11-28 09:36:00,185.02999877929688,185.02999877929688,185.00999450683594,185.00999450683594,858.0
2022-11-28 09:37:00,185.10000610351562,185.10000610351562,185.10000610351562,185.10000610351562,164.0
2022-11-28 09:38:00,185.1999969482422,185.1999969482422,185.1999969482422,185.1999969482422,383.0
2022-11-28 09:39:00,185.14999389648438,185.14999389648438,185.10989379882812,185.10989379882812,543.0
2022-11-28 09:40:00,185.02999877929688,185.0399932861328,184.8699951171875,184.8699951171875,1141.0
2022-11-28 09:41:00,184.83999633789062,184.83999633789062,184.74000549316406,184.75,1595.0
2022-11-28 09:42:00,184.7100067138672,184.7100067138672,184.66000366210938,184.67999267578125,886.0
2022-11-28 09:43:00,184.7100067138672,184.74000549316406,184.64999389648438,184.74000549316406,909.0
2022-11-28 09:44:00,184.83030700683594,184.83030700683594,184.8000030517578,184.82000732421875,438.0
2022-11-28 09:45:00,184.83999633789062,184.8699951171875,184.83999633789062,184.8699951171875,491.0
2022-11-28 09:46:00,184.9499969482422,185.02999877929688,184.9499969482422,185.02999877929688,920.0
2022-11-28 09:47:00,185.0399932861328,185.0399932861328,185.02999877929688,185.02999877929688,258.0
2022-11-28 09:48:00,184.99000549316406,185.00999450683594,184.99000549316406,185.00999450683594,617.0
2022-11-28 09:49:00,185.07000732421875,185.08999633789062,185.0399932861328,185.0399932861328,875.0
2022-11-28 09:50:00,185.00750732421875,185.08999633789062,185.0,185.02999877929688,1116.0
2022-11-28 09:51:00,184.9600067138672,184.9600067138672,184.9600067138672,184.9600067138672,590.0
2022-11-28 09:52:00,185.0399932861328,185.1199951171875,185.02999877929688,185.02999877929688,3717.0
2022-11-28 09:53:00,184.89999389648438,184.97999572753906,184.89999389648438,184.9600067138672,3210.0
2022-11-28 09:54:00,184.80999755859375,184.86000061035156,184.7899932861328,184.7899932861328,2040.0
2022-11-28 09:55:00,184.75,184.8300018310547,184.72000122070312,184.8300018310547,941.0
2022-11-28 09:56:00,184.77999877929688,184.77999877929688,184.72000122070312,184.75999450683594,1221.0
2022-11-28 09:57:00,,,,,
2022-11-28 09:58:00,184.70419311523438,184.77000427246094,184.70419311523438,184.77000427246094,992.0
2022-11-28 09:59:00,184.72999572753906,184.72999572753906,184.72000122070312,184.72000122070312,242.0
2022-11-28 10:00:00,184.74000549316406,184.82000732421875,184.74000549316406,184.82000732421875,415.0
2022-11-28 10:01:00,184.8800048828125,184.8800048828125,184.8300018310547,184.8300018310547,405.0
2022-11-28 10:02:00,184.8699951171875,184.9199981689453,184.8699951171875,184.90499877929688,1236.0
2022-11-28 10:03:00,,,,,
2022-11-28 10:04:00,184.9499969482422,185.0399932861328,184.9499969482422,185.0399932861328,2231.0
2022-11-28 10:05:00,185.02499389648438,185.19900512695312,185.02499389648438,185.19900512695312,1764.0
2022-11-28 10:06:00,185.1199951171875,185.1199951171875,185.0850067138672,185.0850067138672,479.0
2022-11-28 10:07:00,,,,,
2022-11-28 10:08:00,185.11000061035156,185.16000366210938,185.11000061035156,185.16000366210938,352.0
2022-11-28 10:09:00,185.0399932861328,185.08999633789062,185.0399932861328,185.08999633789062,1032.0
2022-11-28 10:10:00,185.08999633789062,185.08999633789062,185.08999633789062,185.08999633789062,110.0
2022-11-28 10:11:00,185.0800018310547,185.0800018310547,185.0800018310547,185.0800018310547,418.0
2022-11-28 10:12:00,185.11000061035156,185.11000061035156,185.11000061035156,185.11000061035156,253.0
2022-11-28 10:13:00,185.2194061279297,185.27999877929688,185.2194061279297,185.27999877929688,932.0
2022-11-28 10:14:00,185.24000549316406,185.24000549316406,185.24000549316406,185.24000549316406,812.0
2022-11-28 10:15:00,185.25999450683594,185.25999450683594,185.2572021484375,185.25999450683594,934.0
2022-11-28 10:16:00,185.27999877929688,185.27999877929688,185.27999877929688,185.27999877929688,361.0
2022-11-28 10:17:00,185.28500366210938,185.28500366210938,185.28500366210938,185.28500366210938,212.0
2022-11-28 10:18:00,185.30999755859375,185.35000610351562,185.30999755859375,185.33200073242188,1554.0
2022-11-28 10:19:00,185.36000061035156,185.3699951171875,185.2899932861328,185.30079650878906,2300.0
2022-11-28 10:20:00,185.33999633789062,185.38999938964844,185.28500366210938,185.28500366210938,833.0
2022-11-28 10:21:00,185.30999755859375,185.40499877929688,185.30999755859375,185.40499877929688,546.0
2022-11-28 10:22:00,185.30999755859375,185.30999755859375,185.22900390625,185.22900390625,659.0
2022-11-28 10:23:00,185.14810180664062,185.14810180664062,185.14810180664062,185.14810180664062,179.0
2022-11-28 10:24:00,185.13999938964844,185.1699981689453,185.13999938964844,185.13999938964844,3907.0
2022-11-28 10:25:00,185.0800018310547,185.0800018310547,184.97999572753906,185.00999450683594,1576.0
2022-11-28 10:26:00,185.0399932861328,185.1199951171875,185.0399932861328,185.05999755859375,872.0
2022-11-28 10:27:00,185.0749969482422,185.0749969482422,185.0749969482422,185.0749969482422,100.0
2022-11-28 10:28:00,185.05999755859375,185.07000732421875,185.05999755859375,185.07000732421875,767.0
2022-11-28 10:29:00,185.1699981689453,185.3000030517578,185.1699981689453,185.3000030517578,1724.0
2022-11-28 10:30:00,185.17999267578125,185.22000122070312,185.17999267578125,185.22000122070312,547.0
2022-11-28 10:31:00,185.24000549316406,185.3000030517578,185.24000549316406,185.27999877929688,647.0
2022-11-28 10:32:00,185.27000427246094,185.27000427246094,185.17999267578125,185.17999267578125,2400.0
2022-11-28 10:33:00,185.22000122070312,185.24000549316406,185.0850067138672,185.0850067138672,3703.0
2022-11-28 10:34:00,185.0500030517578,185.0500030517578,185.02999877929688,185.0500030517578,1690.0
2022-11-28 10:35:00,,,,,
2022-11-28 10:36:00,185.06689453125,185.16000366210938,185.06689453125,185.16000366210938,628.0
2022-11-28 10:37:00,185.14999389648438,185.1699981689453,185.14500427246094,185.1699981689453,851.0
2022-11-28 10:38:00,185.19000244140625,185.19000244140625,185.15699768066406,185.15699768066406,1017.0
2022-11-28 10:39:00,185.05479431152344,185.05479431152344,185.05479431152344,185.05479431152344,774.0
2022-11-28 10:40:00,185.0500030517578,185.11500549316406,185.0500030517578,185.05999755859375,757.0
2022-11-28 10:41:00,185.10000610351562,185.1300048828125,185.10000610351562,185.1300048828125,1330.0
2022-11-28 10:42:00,185.13999938964844,185.16000366210938,185.11000061035156,185.1199951171875,3800.0
2022-11-28 10:43:00,185.11000061035156,185.1199951171875,185.11000061035156,185.11000061035156,513.0
2022-11-28 10:44:00,185.02859497070312,185.1199951171875,185.02859497070312,185.1199951171875,638.0
2022-11-28 10:45:00,185.00999450683594,185.03500366210938,184.9600067138672,184.9600067138672,1332.0
2022-11-28 10:46:00,184.9600067138672,184.9915008544922,184.9550018310547,184.9550018310547,2332.0
2022-11-28 10:47:00,184.91000366210938,184.99000549316406,184.88999938964844,184.99000549316406,1504.0
2022-11-28 10:48:00,,,,,
2022-11-28 10:49:00,185.0,185.0,185.0,185.0,638.0
2022-11-28 10:50:00,184.91000366210938,184.91000366210938,184.91000366210938,184.91000366210938,236.0
2022-11-28 10:51:00,184.8699951171875,184.8699951171875,184.8699951171875,184.8699951171875,257.0
2022-11-28 10:52:00,184.92999267578125,184.92999267578125,184.8699951171875,184.8699951171875,771.0
2022-11-28 10:53:00,184.77999877929688,184.77999877929688,184.77999877929688,184.77999877929688,280.0
2022-11-28 10:54:00,184.75999450683594,184.80999755859375,184.75999450683594,184.80999755859375,879.0
2022-11-28 10:55:00,184.82000732421875,184.82000732421875,184.72999572753906,184.72999572753906,1337.0
2022-11-28 10:56:00,184.77999877929688,184.83999633789062,184.75,184.75,2141.0
2022-11-28 10:57:00,184.80999755859375,184.83999633789062,184.80999755859375,184.83999633789062,481.0
2022-11-28 10:58:00,184.86000061035156,184.88999938964844,184.86000061035156,184.8699951171875,1182.0
2022-11-28 10:59:00,184.91000366210938,184.91000366210938,184.91000366210938,184.91000366210938,296.0
2022-11-28 11:00:00,184.89999389648438,185.0,184.89999389648438,185.0,1283.0
2022-11-28 11:01:00,184.97500610351562,185.0,184.9499969482422,184.9499969482422,1761.0
2022-11-28 11:02:00,184.88999938964844,184.89999389648438,184.88999938964844,184.89999389648438,621.0
2022-11-28 11:03:00,184.83999633789062,184.83999633789062,184.83999633789062,184.83999633789062,265.0
2022-11-28 11:04:00,184.66000366210938,184.66000366210938,184.64999389648438,184.66000366210938,862.0
2022-11-28 11:05:00,184.6699981689453,184.67999267578125,184.6699981689453,184.67999267578125,1098.0
2022-11-28 11:06:00,184.6300048828125,184.6300048828125,184.5800018310547,184.5800018310547,1160.0
2022-11-28 11:07:00,184.58999633789062,184.63999938964844,184.57000732421875,184.63999938964844,848.0
2022-11-28 11:08:00,184.6219940185547,184.6219940185547,184.58999633789062,184.58999633789062,1273.0
2022-11-28 11:09:00,184.63999938964844,184.6699981689453,184.63999938964844,184.65499877929688,720.0
2022-11-28 11:10:00,,,,,
2022-11-28 11:11:00,184.58999633789062,184.58999633789062,184.58999633789062,184.58999633789062,253.0
2022-11-28 11:12:00,184.60719299316406,184.60719299316406,184.60719299316406,184.60719299316406,710.0
2022-11-28 11:13:00,184.55999755859375,184.58999633789062,184.55999755859375,184.58999633789062,676.0
2022-11-28 11:14:00,184.5449981689453,184.5449981689453,184.5449981689453,184.5449981689453,197.0
2022-11-28 11:15:00,184.52000427246094,184.52000427246094,184.52000427246094,184.52000427246094,893.0
2022-11-28 11:16:00,184.5500030517578,184.5850067138672,184.5500030517578,184.5500030517578,1009.0
2022-11-28 11:17:00,184.60000610351562,184.61000061035156,184.60000610351562,184.61000061035156,927.0
2022-11-28 11:18:00,184.5933074951172,184.60000610351562,184.57000732421875,184.60000610351562,1682.0
2022-11-28 11:19:00,184.63999938964844,184.63999938964844,184.63499450683594,184.63499450683594,706.0
2022-11-28 11:20:00,184.5500030517578,184.5500030517578,184.5500030517578,184.5500030517578,188.0
2022-11-28 11:21:00,184.47999572753906,184.47999572753906,184.47999572753906,184.47999572753906,658.0
2022-11-28 11:22:00,184.52999877929688,184.52999877929688,184.52999877929688,184.52999877929688,210.0
2022-11-28 11:23:00,184.5,184.51849365234375,184.47999572753906,184.51849365234375,1203.0
2022-11-28 11:24:00,184.50999450683594,184.52000427246094,184.50999450683594,184.52000427246094,241.0
2022-11-28 11:25:00,184.49000549316406,184.52000427246094,184.49000549316406,184.52000427246094,947.0
2022-11-28 11:26:00,184.49679565429688,184.52000427246094,184.49679565429688,184.52000427246094,731.0
2022-11-28 11:27:00,184.47000122070312,184.47000122070312,184.47000122070312,184.47000122070312,266.0
2022-11-28 11:28:00,184.38499450683594,184.38499450683594,184.38499450683594,184.38499450683594,219.0
2022-11-28 11:29:00,184.4199981689453,184.4199981689453,184.4199981689453,184.4199981689453,323.0
2022-11-28 11:30:00,,,,,
2022-11-28 11:31:00,,,,,
2022-11-28 11:32:00,184.38499450683594,184.38499450683594,184.38499450683594,184.38499450683594,162.0
2022-11-28 11:33:00,,,,,
2022-11-28 11:34:00,184.40499877929688,184.40499877929688,184.27999877929688,184.27999877929688,2070.0
2022-11-28 11:35:00,,,,,
2022-11-28 11:36:00,,,,,
2022-11-28 11:37:00,,,,,
2022-11-28 11:38:00,184.1300048828125,184.1300048828125,184.1300048828125,184.1300048828125,625.0
2022-11-28 11:39:00,,,,,
2022-11-28 11:40:00,,,,,
2022-11-28 11:41:00,,,,,
2022-11-28 11:42:00,184.08749389648438,184.1580047607422,184.08749389648438,184.1580047607422,396.0
2022-11-28 11:43:00,184.1199951171875,184.22000122070312,184.1199951171875,184.22000122070312,392.0
2022-11-28 11:44:00,,,,,
2022-11-28 11:45:00,,,,,
2022-11-28 11:46:00,184.0850067138672,184.0850067138672,184.0850067138672,184.0850067138672,172.0
2022-11-28 11:47:00,183.9199981689453,183.9199981689453,183.9199981689453,183.9199981689453,714.0
2022-11-28 11:48:00,,,,,
2022-11-28 11:49:00,,,,,
2022-11-28 11:50:00,,,,,
2022-11-28 11:51:00,183.82749938964844,183.82749938964844,183.82749938964844,183.82749938964844,152.0
2022-11-28 11:52:00,,,,,
2022-11-28 11:53:00,183.81170654296875,183.81170654296875,183.81170654296875,183.81170654296875,277.0
2022-11-28 11:54:00,,,,,
2022-11-28 11:55:00,,,,,
2022-11-28 11:56:00,183.88999938964844,183.88999938964844,183.88999938964844,183.88999938964844,742.0
2022-11-28 11:57:00,,,,,
2022-11-28 11:58:00,,,,,
2022-11-28 11:59:00,183.8300018310547,183.8300018310547,183.8300018310547,183.8300018310547,647.0
2022-11-28 12:00:00,183.88499450683594,183.88499450683594,183.88499450683594,183.88499450683594,370.0
2022-11-28 12:01:00,183.86000061035156,183.88999938964844,183.86000061035156,183.88999938964844,612.0
2022-11-28 12:02:00,183.86500549316406,183.86500549316406,183.86500549316406,183.86500549316406,130.0
2022-11-28 12:03:00,183.82000732421875,183.82000732421875,183.52999877929688,183.67999267578125,2590.0
2022-11-28 12:04:00,183.67999267578125,183.6999969482422,183.67999267578125,183.6999969482422,1813.0
2022-11-28 12:05:00,183.9550018310547,183.9550018310547,183.9550018310547,183.9550018310547,305.0
2022-11-28 12:06:00,,,,,
2022-11-28 12:07:00,,,,,
2022-11-28 12:08:00,,,,,
2022-11-28 12:09:00,183.79359436035156,183.79359436035156,183.79359436035156,183.79359436035156,179.0
2022-11-28 12:10:00,183.85800170898438,183.85800170898438,183.85800170898438,183.85800170898438,409.0
2022-11-28 12:11:00,,,,,
2022-11-28 12:12:00,183.5500030517578,183.5500030517578,183.5500030517578,183.5500030517578,200.0
2022-11-28 12:13:00,183.5500030517578,183.5500030517578,183.5500030517578,183.5500030517578,364.0
2022-11-28 12:14:00,,,,,
2022-11-28 12:15:00,,,,,
2022-11-28 12:16:00,,,,,
2022-11-28 12:17:00,,,,,
2022-11-28 12:18:00,183.72999572753906,183.85000610351562,183.72999572753906,183.81500244140625,971.0
2022-11-28 12:19:00,183.88999938964844,183.88999938964844,183.8800048828125,183.8800048828125,747.0
2022-11-28 12:20:00,,,,,
2022-11-28 12:21:00,183.88999938964844,183.88999938964844,183.88999938964844,183.88999938964844,505.0
2022-11-28 12:22:00,,,,,
2022-11-28 12:23:00,,,,,
2022-11-28 12:24:00,,,,,
2022-11-28 12:25:00,183.80999755859375,183.9600067138672,183.80999755859375,183.87289428710938,2093.0
2022-11-28 12:26:00,183.85499572753906,183.85499572753906,183.85499572753906,183.85499572753906,280.0
2022-11-28 12:27:00,,,,,
2022-11-28 12:28:00,,,,,
2022-11-28 12:29:00,,,,,
2022-11-28 12:30:00,,,,,
2022-11-28 12:31:00,183.89999389648438,183.89999389648438,183.85000610351562,183.85000610351562,890.0
2022-11-28 12:32:00,,,,,
2022-11-28 12:33:00,,,,,
2022-11-28 12:34:00,183.80999755859375,183.80999755859375,183.80999755859375,183.80999755859375,399.0
2022-11-28 12:35:00,,,,,
2022-11-28 12:36:00,,,,,
2022-11-28 12:37:00,183.89999389648438,183.97000122070312,183.89999389648438,183.97000122070312,942.0
2022-11-28 12:38:00,,,,,
2022-11-28 12:39:00,183.9250030517578,183.94000244140625,183.9250030517578,183.94000244140625,488.0
2022-11-28 12:40:00,,,,,
2022-11-28 12:41:00,183.89999389648438,183.89999389648438,183.8925018310547,183.8925018310547,1137.0
2022-11-28 12:42:00,183.8300018310547,183.8300018310547,183.8300018310547,183.8300018310547,231.0
2022-11-28 12:43:00,183.85000610351562,183.97000122070312,183.85000610351562,183.97000122070312,1991.0
2022-11-28 12:44:00,183.9499969482422,183.9499969482422,183.89999389648438,183.89999389648438,361.0
2022-11-28 12:45:00,,,,,
2022-11-28 12:46:00,183.9499969482422,183.9499969482422,183.9499969482422,183.9499969482422,151.0
2022-11-28 12:47:00,183.85279846191406,183.85279846191406,183.85279846191406,183.85279846191406,215.0
2022-11-28 12:48:00,,,,,
2022-11-28 12:49:00,183.8699951171875,183.8699951171875,183.8699951171875,183.8699951171875,117.0
2022-11-28 12:50:00,183.92999267578125,183.92999267578125,183.92239379882812,183.92239379882812,618.0
2022-11-28 12:51:00,183.83999633789062,183.83999633789062,183.83999633789062,183.83999633789062,105.0
2022-11-28 12:52:00,183.77999877929688,183.77999877929688,183.77999877929688,183.77999877929688,422.0
2022-11-28 12:53:00,,,,,
2022-11-28 12:54:00,,,,,
2022-11-28 12:55:00,183.55999755859375,183.61500549316406,183.55999755859375,183.61500549316406,419.0
2022-11-28 12:56:00,183.5500030517578,183.5500030517578,183.5500030517578,183.5500030517578,321.0
2022-11-28 12:57:00,,,,,
2022-11-28 12:58:00,,,,,
2022-11-28 12:59:00,183.5500030517578,183.55999755859375,183.5500030517578,183.55999755859375,205.0
2022-11-28 13:00:00,183.6291046142578,183.6291046142578,183.6291046142578,183.6291046142578,1114.0
2022-11-28 13:01:00,183.61000061035156,183.61000061035156,183.61000061035156,183.61000061035156,432.0
2022-11-28 13:02:00,183.63999938964844,183.63999938964844,183.63999938964844,183.63999938964844,881.0
2022-11-28 13:03:00,183.61000061035156,183.61000061035156,183.58999633789062,183.58999633789062,3528.0
2022-11-28 13:04:00,183.47999572753906,183.5500030517578,183.47999572753906,183.5500030517578,796.0
2022-11-28 13:05:00,,,,,
2022-11-28 13:06:00,,,,,
2022-11-28 13:07:00,,,,,
2022-11-28 13:08:00,183.51719665527344,183.51719665527344,183.51719665527344,183.51719665527344,358.0
2022-11-28 13:09:00,183.42999267578125,183.42999267578125,183.42999267578125,183.42999267578125,152.0
2022-11-28 13:10:00,183.41000366210938,183.41000366210938,183.41000366210938,183.41000366210938,177.0
2022-11-28 13:11:00,183.2899932861328,183.30999755859375,183.2899932861328,183.30999755859375,336.0
2022-11-28 13:12:00,183.42999267578125,183.52999877929688,183.42999267578125,183.52999877929688,2418.0
2022-11-28 13:13:00,183.49000549316406,183.49000549316406,183.49000549316406,183.49000549316406,380.0
2022-11-28 13:14:00,183.49249267578125,183.49249267578125,183.49249267578125,183.49249267578125,564.0
2022-11-28 13:15:00,183.50999450683594,183.50999450683594,183.50999450683594,183.50999450683594,104.0
2022-11-28 13:16:00,183.5467987060547,183.5467987060547,183.50999450683594,183.50999450683594,1141.0
2022-11-28 13:17:00,,,,,
2022-11-28 13:18:00,,,,,
2022-11-28 13:19:00,183.50999450683594,183.50999450683594,183.48440551757812,183.48440551757812,643.0
2022-11-28 13:20:00,183.47000122070312,183.55999755859375,183.47000122070312,183.55999755859375,1275.0
2022-11-28 13:21:00,183.55999755859375,183.5800018310547,183.55999755859375,183.5800018310547,486.0
2022-11-28 13:22:00,183.58999633789062,183.58999633789062,183.58999633789062,183.58999633789062,377.0
2022-11-28 13:23:00,,,,,
2022-11-28 13:24:00,183.55999755859375,183.58059692382812,183.55999755859375,183.58059692382812,458.0
2022-11-28 13:25:00,183.5865020751953,183.5865020751953,183.5500030517578,183.5500030517578,530.0
2022-11-28 13:26:00,183.5832977294922,183.5832977294922,183.5832977294922,183.5832977294922,1006.0
2022-11-28 13:27:00,,,,,
2022-11-28 13:28:00,,,,,
2022-11-28 13:29:00,,,,,
2022-11-28 13:30:00,,,,,
2022-11-28 13:31:00,183.55999755859375,183.55999755859375,183.55999755859375,183.55999755859375,208.0
2022-11-28 13:32:00,183.5749969482422,183.5749969482422,183.5749969482422,183.5749969482422,297.0
2022-11-28 13:33:00,183.5800018310547,183.66000366210938,183.5800018310547,183.66000366210938,3000.0
2022-11-28 13:34:00,,,,,
2022-11-28 13:35:00,183.63870239257812,183.63870239257812,183.61000061035156,183.6199951171875,609.0
2022-11-28 13:36:00,183.6300048828125,183.6300048828125,183.6300048828125,183.6300048828125,455.0
2022-11-28 13:37:00,183.6699981689453,183.6699981689453,183.6699981689453,183.6699981689453,585.0
2022-11-28 13:38:00,,,,,
2022-11-28 13:39:00,183.6699981689453,183.6699981689453,183.6699981689453,183.6699981689453,446.0
2022-11-28 13:40:00,,,,,
2022-11-28 13:41:00,,,,,
2022-11-28 13:42:00,,,,,
2022-11-28 13:43:00,183.5,183.5,183.5,183.5,804.0
2022-11-28 13:44:00,,,,,
2022-11-28 13:45:00,,,,,
2022-11-28 13:46:00,,,,,
2022-11-28 13:47:00,,,,,
2022-11-28 13:48:00,,,,,
2022-11-28 13:49:00,,,,,
2022-11-28 13:50:00,183.3220977783203,183.3220977783203,183.3220977783203,183.3220977783203,640.0
2022-11-28 13:51:00,183.4199981689453,183.4199981689453,183.38499450683594,183.38499450683594,335.0
2022-11-28 13:52:00,183.30999755859375,183.30999755859375,183.30999755859375,183.30999755859375,294.0
2022-11-28 13:53:00,183.36000061035156,183.36000061035156,183.36000061035156,183.36000061035156,317.0
2022-11-28 13:54:00,183.2949981689453,183.42770385742188,183.2949981689453,183.42770385742188,1106.0
2022-11-28 13:55:00,183.30499267578125,183.30499267578125,183.3000030517578,183.3000030517578,242.0
2022-11-28 13:56:00,183.22500610351562,183.22500610351562,183.22500610351562,183.22500610351562,137.0
2022-11-28 13:57:00,183.1300048828125,183.1300048828125,183.1300048828125,183.1300048828125,728.0
2022-11-28 13:58:00,,,,,
2022-11-28 13:59:00,,,,,
2022-11-28 14:00:00,183.2100067138672,183.30499267578125,183.2100067138672,183.28500366210938,2027.0
2022-11-28 14:01:00,,,,,
2022-11-28 14:02:00,,,,,
2022-11-28 14:03:00,,,,,
2022-11-28 14:04:00,,,,,
2022-11-28 14:05:00,,,,,
2022-11-28 14:06:00,,,,,
2022-11-28 14:07:00,183.3000030517578,183.3000030517578,183.1396026611328,183.1396026611328,498.0
2022-11-28 14:08:00,183.07000732421875,183.07000732421875,183.07000732421875,183.07000732421875,216.0
2022-11-28 14:09:00,182.94000244140625,182.95730590820312,182.94000244140625,182.95730590820312,322.0
2022-11-28 14:10:00,183.0605010986328,183.0605010986328,183.0605010986328,183.0605010986328,308.0
2022-11-28 14:11:00,182.92750549316406,182.935302734375,182.92750549316406,182.935302734375,1227.0
2022-11-28 14:12:00,,,,,
2022-11-28 14:13:00,,,,,
2022-11-28 14:14:00,,,,,
2022-11-28 14:15:00,182.97999572753906,183.03500366210938,182.97000122070312,183.03500366210938,865.0
2022-11-28 14:16:00,182.99240112304688,182.99240112304688,182.99240112304688,182.99240112304688,534.0
2022-11-28 14:17:00,,,,,
2022-11-28 14:18:00,,,,,
2022-11-28 14:19:00,183.04249572753906,183.04249572753906,183.02000427246094,183.02000427246094,426.0
2022-11-28 14:20:00,,,,,
2022-11-28 14:21:00,182.97999572753906,182.98080444335938,182.89100646972656,182.89500427246094,1194.0
2022-11-28 14:22:00,182.9499969482422,182.9499969482422,182.89999389648438,182.89999389648438,1118.0
2022-11-28 14:23:00,,,,,
2022-11-28 14:24:00,182.89999389648438,182.89999389648438,182.89999389648438,182.89999389648438,459.0
2022-11-28 14:25:00,,,,,
2022-11-28 14:26:00,,,,,
2022-11-28 14:27:00,182.97000122070312,182.97000122070312,182.97000122070312,182.97000122070312,253.0
2022-11-28 14:28:00,182.91000366210938,182.91000366210938,182.91000366210938,182.91000366210938,409.0
2022-11-28 14:29:00,182.9199981689453,182.9199981689453,182.9199981689453,182.9199981689453,228.0
2022-11-28 14:30:00,182.94000244140625,182.94000244140625,182.84109497070312,182.84109497070312,567.0
2022-11-28 14:31:00,,,,,
2022-11-28 14:32:00,182.86000061035156,182.86000061035156,182.8000030517578,182.8000030517578,579.0
2022-11-28 14:33:00,182.88999938964844,182.91690063476562,182.88999938964844,182.91690063476562,1140.0
2022-11-28 14:34:00,182.91000366210938,182.94549560546875,182.893798828125,182.893798828125,2089.0
2022-11-28 14:35:00,,,,,
2022-11-28 14:36:00,,,,,
2022-11-28 14:37:00,,,,,
2022-11-28 14:38:00,,,,,
2022-11-28 14:39:00,,,,,
2022-11-28 14:40:00,182.74859619140625,182.74859619140625,182.74859619140625,182.74859619140625,355.0
2022-11-28 14:41:00,182.66009521484375,182.66009521484375,182.66009521484375,182.66009521484375,294.0
2022-11-28 14:42:00,182.67999267578125,182.67999267578125,182.66000366210938,182.66000366210938,482.0
2022-11-28 14:43:00,182.6699981689453,182.6699981689453,182.6699981689453,182.6699981689453,778.0
2022-11-28 14:44:00,,,,,
2022-11-28 14:45:00,182.6699981689453,182.6699981689453,182.6699981689453,182.6699981689453,225.0
2022-11-28 14:46:00,182.6699981689453,182.6699981689453,182.6699981689453,182.6699981689453,138.0
2022-11-28 14:47:00,182.64999389648438,182.64999389648438,182.64999389648438,182.64999389648438,478.0
2022-11-28 14:48:00,,,,,
2022-11-28 14:49:00,182.6300048828125,182.6300048828125,182.6300048828125,182.6300048828125,390.0
2022-11-28 14:50:00,182.625,182.625,182.625,182.625,692.0
2022-11-28 14:51:00,182.66000366210938,182.67999267578125,182.65640258789062,182.67999267578125,892.0
2022-11-28 14:52:00,182.6699981689453,182.6699981689453,182.6699981689453,182.6699981689453,793.0
2022-11-28 14:53:00,182.67999267578125,182.67999267578125,182.6699981689453,182.6699981689453,840.0
2022-11-28 14:54:00,182.7100067138672,182.7100067138672,182.7100067138672,182.7100067138672,322.0
2022-11-28 14:55:00,,,,,
2022-11-28 14:56:00,182.72000122070312,182.75,182.72000122070312,182.75,994.0
2022-11-28 14:57:00,182.8300018310547,182.8300018310547,182.8300018310547,182.8300018310547,550.0
2022-11-28 14:58:00,182.80499267578125,182.80499267578125,182.80499267578125,182.80499267578125,286.0
2022-11-28 14:59:00,182.74749755859375,182.74749755859375,182.74749755859375,182.74749755859375,1516.0
2022-11-28 15:00:00,182.6699981689453,182.77999877929688,182.6699981689453,182.77999877929688,900.0
2022-11-28 15:01:00,,,,,
2022-11-28 15:02:00,182.74000549316406,182.74000549316406,182.74000549316406,182.74000549316406,285.0
2022-11-28 15:03:00,,,,,
2022-11-28 15:04:00,182.73500061035156,182.75,182.73500061035156,182.75,979.0
2022-11-28 15:05:00,,,,,
2022-11-28 15:06:00,,,,,
2022-11-28 15:07:00,182.64999389648438,182.6999969482422,182.64999389648438,182.66000366210938,1494.0
2022-11-28 15:08:00,,,,,
2022-11-28 15:09:00,182.72000122070312,182.72000122070312,182.6999969482422,182.6999969482422,693.0
2022-11-28 15:10:00,,,,,
2022-11-28 15:11:00,,,,,
2022-11-28 15:12:00,,,,,
2022-11-28 15:13:00,182.69000244140625,182.69000244140625,182.69000244140625,182.69000244140625,174.0
2022-11-28 15:14:00,182.6820068359375,182.6820068359375,182.6820068359375,182.6820068359375,318.0
2022-11-28 15:15:00,182.61000061035156,182.6199951171875,182.61000061035156,182.6199951171875,307.0
2022-11-28 15:16:00,182.6199951171875,182.6199951171875,182.61500549316406,182.6199951171875,712.0
2022-11-28 15:17:00,182.6199951171875,182.6199951171875,182.61000061035156,182.61000061035156,603.0
2022-11-28 15:18:00,182.69000244140625,182.69000244140625,182.69000244140625,182.69000244140625,398.0
2022-11-28 15:19:00,182.61000061035156,182.61000061035156,182.61000061035156,182.61000061035156,1009.0
2022-11-28 15:20:00,182.63999938964844,182.6750030517578,182.63999938964844,182.66000366210938,489.0
2022-11-28 15:21:00,182.64500427246094,182.64500427246094,182.64500427246094,182.64500427246094,269.0
2022-11-28 15:22:00,182.60000610351562,182.60000610351562,182.60000610351562,182.60000610351562,338.0
2022-11-28 15:23:00,182.63499450683594,182.63499450683594,182.63499450683594,182.63499450683594,766.0
2022-11-28 15:24:00,,,,,
2022-11-28 15:25:00,,,,,
2022-11-28 15:26:00,182.52000427246094,182.52000427246094,182.52000427246094,182.52000427246094,540.0
2022-11-28 15:27:00,,,,,
2022-11-28 15:28:00,182.52999877929688,182.5789031982422,182.52999877929688,182.5789031982422,1895.0
2022-11-28 15:29:00,182.47000122070312,182.5780029296875,182.47000122070312,182.5780029296875,1102.0
2022-11-28 15:30:00,,,,,
2022-11-28 15:31:00,182.49740600585938,182.49740600585938,182.49740600585938,182.49740600585938,382.0
2022-11-28 15:32:00,182.47000122070312,182.47000122070312,182.47000122070312,182.47000122070312,538.0
2022-11-28 15:33:00,182.52000427246094,182.52000427246094,182.52000427246094,182.52000427246094,206.0
2022-11-28 15:34:00,182.55999755859375,182.6999969482422,182.55999755859375,182.6999969482422,1112.0
2022-11-28 15:35:00,,,,,
2022-11-28 15:36:00,,,,,
2022-11-28 15:37:00,182.6699981689453,182.69000244140625,182.6699981689453,182.69000244140625,1214.0
2022-11-28 15:38:00,,,,,
2022-11-28 15:39:00,182.6300048828125,182.6300048828125,182.6199951171875,182.6199951171875,729.0
2022-11-28 15:40:00,182.63999938964844,182.6909942626953,182.6300048828125,182.6909942626953,1175.0
2022-11-28 15:41:00,182.6999969482422,182.7050018310547,182.6999969482422,182.7050018310547,768.0
2022-11-28 15:42:00,182.6999969482422,182.8199005126953,182.6999969482422,182.6999969482422,595.0
2022-11-28 15:43:00,182.6999969482422,182.70309448242188,182.60499572753906,182.70309448242188,736.0
2022-11-28 15:44:00,182.7100067138672,182.7100067138672,182.5800018310547,182.6999969482422,739.0
2022-11-28 15:45:00,182.58999633789062,182.58999633789062,182.56500244140625,182.56500244140625,614.0
2022-11-28 15:46:00,182.60000610351562,182.60000610351562,182.56500244140625,182.58999633789062,628.0
2022-11-28 15:47:00,182.52999877929688,182.5800018310547,182.47000122070312,182.47500610351562,821.0
2022-11-28 15:48:00,182.39500427246094,182.4499969482422,182.38499450683594,182.38499450683594,940.0
2022-11-28 15:49:00,182.375,182.39999389648438,182.3350067138672,182.38999938964844,654.0
2022-11-28 15:50:00,182.41000366210938,182.5749969482422,182.20249938964844,182.47999572753906,2939.0
2022-11-28 15:51:00,182.49000549316406,182.4949951171875,182.49000549316406,182.4949951171875,1970.0
2022-11-28 15:52:00,182.47000122070312,182.52000427246094,182.4499969482422,182.50999450683594,1973.0
2022-11-28 15:53:00,182.47999572753906,182.5605010986328,182.47000122070312,182.5605010986328,2837.0
2022-11-28 15:54:00,182.4949951171875,182.4949951171875,182.4949951171875,182.4949951171875,167.0
2022-11-28 15:55:00,182.52000427246094,182.6199951171875,182.5,182.61000061035156,2609.0
2022-11-28 15:56:00,182.60000610351562,182.60000610351562,182.52999877929688,182.56500244140625,686.0
2022-11-28 15:57:00,182.60000610351562,182.75999450683594,182.60000610351562,182.7050018310547,2466.0
2022-11-28 15:58:00,182.6999969482422,182.75999450683594,182.6699981689453,182.6699981689453,2966.0
2022-11-28 15:59:00,182.69000244140625,182.77000427246094,182.61000061035156,182.77000427246094,4014.0
2022-11-29 09:30:00,183.2899932861328,183.38999938964844,183.1999969482422,183.3699951171875,4136.0
2022-11-29 09:31:00,183.1999969482422,183.1999969482422,183.11000061035156,183.1199951171875,759.0
2022-11-29 09:32:00,183.25999450683594,183.25999450683594,183.1300048828125,183.13999938964844,7014.0
2022-11-29 09:33:00,183.14999389648438,183.25990295410156,183.10000610351562,183.25990295410156,1322.0
2022-11-29 09:34:00,,,,,
2022-11-29 09:35:00,183.32000732421875,183.32000732421875,183.26100158691406,183.26100158691406,626.0
2022-11-29 09:36:00,183.19000244140625,183.19000244140625,183.17999267578125,183.17999267578125,1432.0
2022-11-29 09:37:00,182.92999267578125,182.9499969482422,182.92999267578125,182.9499969482422,469.0
2022-11-29 09:38:00,183.05999755859375,183.08999633789062,183.02000427246094,183.02000427246094,485.0
2022-11-29 09:39:00,182.99000549316406,182.99000549316406,182.8000030517578,182.8000030517578,333.0
2022-11-29 09:40:00,,,,,
2022-11-29 09:41:00,183.0500030517578,183.07000732421875,183.0399932861328,183.0688018798828,1608.0
2022-11-29 09:42:00,183.16000366210938,183.16000366210938,183.0800018310547,183.0800018310547,1586.0
2022-11-29 09:43:00,,,,,
2022-11-29 09:44:00,182.8350067138672,182.8350067138672,182.8350067138672,182.8350067138672,261.0
2022-11-29 09:45:00,182.97000122070312,182.97000122070312,182.97000122070312,182.97000122070312,212.0
2022-11-29 09:46:00,183.0,183.02000427246094,183.0,183.00999450683594,753.0
2022-11-29 09:47:00,,,,,
2022-11-29 09:48:00,,,,,
2022-11-29 09:49:00,183.0800018310547,183.0800018310547,183.0800018310547,183.0800018310547,104.0
2022-11-29 09:50:00,183.0399932861328,183.0500030517578,182.97999572753906,183.0500030517578,1612.0
2022-11-29 09:51:00,183.02999877929688,183.02999877929688,182.94000244140625,182.94000244140625,430.0
2022-11-29 09:52:00,182.94000244140625,182.94000244140625,182.94000244140625,182.94000244140625,345.0
2022-11-29 09:53:00,182.9600067138672,183.00999450683594,182.9499969482422,183.00999450683594,1402.0
2022-11-29 09:54:00,183.0,183.0800018310547,182.9499969482422,183.0800018310547,953.0
2022-11-29 09:55:00,183.1199951171875,183.1199951171875,183.1199951171875,183.1199951171875,412.0
2022-11-29 09:56:00,183.13499450683594,183.14999389648438,183.13499450683594,183.14999389648438,284.0
2022-11-29 09:57:00,183.1300048828125,183.1300048828125,183.0800018310547,183.0800018310547,912.0
2022-11-29 09:58:00,183.06820678710938,183.13499450683594,183.06820678710938,183.13499450683594,562.0
2022-11-29 09:59:00,183.16000366210938,183.16000366210938,183.16000366210938,183.16000366210938,183.0
2022-11-29 10:00:00,183.2100067138672,183.3300018310547,183.2100067138672,183.3300018310547,541.0
2022-11-29 10:01:00,,,,,
2022-11-29 10:02:00,183.27000427246094,183.27000427246094,183.16000366210938,183.17630004882812,833.0
2022-11-29 10:03:00,,,,,
2022-11-29 10:04:00,183.08999633789062,183.08999633789062,183.0500030517578,183.0500030517578,1030.0
2022-11-29 10:05:00,183.0500030517578,183.1199951171875,183.0500030517578,183.1199951171875,668.0
2022-11-29 10:06:00,183.13999938964844,183.1999969482422,183.13999938964844,183.17999267578125,1048.0
2022-11-29 10:07:00,183.24000549316406,183.25,183.22000122070312,183.22000122070312,928.0
2022-11-29 10:08:00,183.22000122070312,183.34500122070312,183.1999969482422,183.34500122070312,363.0
2022-11-29 10:09:00,183.38999938964844,183.4051971435547,183.35009765625,183.4051971435547,1231.0
2022-11-29 10:10:00,183.44000244140625,183.44000244140625,183.44000244140625,183.44000244140625,528.0
2022-11-29 10:11:00,183.36000061035156,183.36000061035156,183.28160095214844,183.28160095214844,502.0
2022-11-29 10:12:00,,,,,
2022-11-29 10:13:00,183.25,183.25,183.25,183.25,237.0
2022-11-29 10:14:00,183.1699981689453,183.25,183.13999938964844,183.25,883.0
2022-11-29 10:15:00,183.41990661621094,183.41990661621094,183.3101043701172,183.3101043701172,379.0
2022-11-29 10:16:00,183.4600067138672,183.4600067138672,183.39999389648438,183.42999267578125,1423.0
2022-11-29 10:17:00,183.44000244140625,183.5,183.44000244140625,183.5,614.0
2022-11-29 10:18:00,183.44090270996094,183.44090270996094,183.44090270996094,183.44090270996094,259.0
2022-11-29 10:19:00,183.36000061035156,183.36000061035156,183.36000061035156,183.36000061035156,236.0
2022-11-29 10:20:00,183.41000366210938,183.44000244140625,183.39999389648438,183.44000244140625,714.0
2022-11-29 10:21:00,183.50999450683594,183.52000427246094,183.49000549316406,183.52000427246094,688.0
2022-11-29 10:22:00,183.49000549316406,183.49000549316406,183.49000549316406,183.49000549316406,436.0
2022-11-29 10:23:00,183.5,183.55999755859375,183.49000549316406,183.49000549316406,2299.0
2022-11-29 10:24:00,,,,,
2022-11-29 10:25:00,183.60000610351562,183.60000610351562,183.57000732421875,183.57000732421875,834.0
2022-11-29 10:26:00,,,,,
2022-11-29 10:27:00,,,,,
2022-11-29 10:28:00,183.7899932861328,183.7899932861328,183.7899932861328,183.7899932861328,211.0
2022-11-29 10:29:00,183.72000122070312,183.72000122070312,183.67999267578125,183.67999267578125,1946.0
2022-11-29 10:30:00,,,,,
2022-11-29 10:31:00,183.64999389648438,183.64999389648438,183.64999389648438,183.64999389648438,317.0
2022-11-29 10:32:00,,,,,
2022-11-29 10:33:00,183.64999389648438,183.64999389648438,183.6199951171875,183.6199951171875,349.0
2022-11-29 10:34:00,183.53050231933594,183.53050231933594,183.53050231933594,183.53050231933594,333.0
2022-11-29 10:35:00,,,,,
2022-11-29 10:36:00,183.5930938720703,183.5930938720703,183.5930938720703,183.5930938720703,473.0
2022-11-29 10:37:00,,,,,
2022-11-29 10:38:00,183.63999938964844,183.63999938964844,183.60000610351562,183.61000061035156,846.0
2022-11-29 10:39:00,183.61000061035156,183.61000061035156,183.61000061035156,183.61000061035156,208.0
2022-11-29 10:40:00,183.58999633789062,183.69000244140625,183.58999633789062,183.61500549316406,3401.0
2022-11-29 10:41:00,,,,,
2022-11-29 10:42:00,183.63999938964844,183.6699981689453,183.63999938964844,183.6699981689453,621.0
2022-11-29 10:43:00,183.60000610351562,183.60000610351562,183.55999755859375,183.58999633789062,1117.0
2022-11-29 10:44:00,183.5800018310547,183.5800018310547,183.5800018310547,183.5800018310547,585.0
2022-11-29 10:45:00,,,,,
2022-11-29 10:46:00,183.64999389648438,183.64999389648438,183.63999938964844,183.63999938964844,772.0
2022-11-29 10:47:00,,,,,
2022-11-29 10:48:00,,,,,
2022-11-29 10:49:00,183.5399932861328,183.5399932861328,183.5399932861328,183.5399932861328,386.0
2022-11-29 10:50:00,,,,,
2022-11-29 10:51:00,183.52000427246094,183.52000427246094,183.52000427246094,183.52000427246094,710.0
2022-11-29 10:52:00,,,,,
2022-11-29 10:53:00,183.32000732421875,183.35000610351562,183.3000030517578,183.3000030517578,1778.0
2022-11-29 10:54:00,183.4550018310547,183.4550018310547,183.42999267578125,183.42999267578125,633.0
2022-11-29 10:55:00,183.4499969482422,183.4499969482422,183.4499969482422,183.4499969482422,386.0
2022-11-29 10:56:00,183.5,183.52000427246094,183.4600067138672,183.52000427246094,1195.0
2022-11-29 10:57:00,183.52000427246094,183.52000427246094,183.4199981689453,183.44290161132812,1394.0
2022-11-29 10:58:00,183.4499969482422,183.4499969482422,183.4499969482422,183.4499969482422,556.0
2022-11-29 10:59:00,183.41859436035156,183.41859436035156,183.41859436035156,183.41859436035156,611.0
2022-11-29 11:00:00,,,,,
2022-11-29 11:01:00,,,,,
2022-11-29 11:02:00,183.41000366210938,183.4199981689453,183.3800048828125,183.4199981689453,1730.0
2022-11-29 11:03:00,183.2100067138672,183.22000122070312,183.14999389648438,183.14999389648438,1149.0
2022-11-29 11:04:00,183.02000427246094,183.02000427246094,183.00999450683594,183.00999450683594,396.0
2022-11-29 11:05:00,183.05999755859375,183.10000610351562,183.05999755859375,183.10000610351562,785.0
2022-11-29 11:06:00,183.14149475097656,183.22000122070312,183.14149475097656,183.19000244140625,2137.0
2022-11-29 11:07:00,183.19000244140625,183.2100067138672,183.11000061035156,183.11000061035156,1291.0
2022-11-29 11:08:00,183.08999633789062,183.08999633789062,183.0,183.02490234375,1252.0
2022-11-29 11:09:00,183.0,183.02000427246094,182.99000549316406,182.99000549316406,1376.0
2022-11-29 11:10:00,,,,,
2022-11-29 11:11:00,,,,,
2022-11-29 11:12:00,182.9600067138672,182.9600067138672,182.87010192871094,182.87010192871094,2442.0
2022-11-29 11:13:00,182.7899932861328,182.7899932861328,182.75999450683594,182.75999450683594,313.0
2022-11-29 11:14:00,182.77000427246094,182.77000427246094,182.77000427246094,182.77000427246094,243.0
2022-11-29 11:15:00,182.75999450683594,182.75999450683594,182.75999450683594,182.75999450683594,225.0
2022-11-29 11:16:00,182.69000244140625,182.69000244140625,182.60800170898438,182.60800170898438,457.0
2022-11-29 11:17:00,182.60000610351562,182.6490020751953,182.57000732421875,182.6490020751953,1623.0
2022-11-29 11:18:00,,,,,
2022-11-29 11:19:00,182.35000610351562,182.35000610351562,182.35000610351562,182.35000610351562,372.0
2022-11-29 11:20:00,182.3699951171875,182.38999938964844,182.32000732421875,182.3623046875,951.0
2022-11-29 11:21:00,182.42999267578125,182.42999267578125,182.42999267578125,182.42999267578125,406.0
2022-11-29 11:22:00,182.36000061035156,182.39999389648438,182.36000061035156,182.39999389648438,1126.0
2022-11-29 11:23:00,,,,,
2022-11-29 11:24:00,182.58990478515625,182.58990478515625,182.58990478515625,182.58990478515625,744.0
2022-11-29 11:25:00,182.55999755859375,182.56350708007812,182.52999877929688,182.56350708007812,762.0
2022-11-29 11:26:00,182.58999633789062,182.58999633789062,182.58999633789062,182.58999633789062,108.0
2022-11-29 11:27:00,182.5800018310547,182.58999633789062,182.5800018310547,182.5800018310547,525.0
2022-11-29 11:28:00,182.52999877929688,182.52999877929688,182.4199981689453,182.4199981689453,514.0
2022-11-29 11:29:00,182.47999572753906,182.47999572753906,182.47500610351562,182.47500610351562,379.0
2022-11-29 11:30:00,,,,,
2022-11-29 11:31:00,182.61990356445312,182.61990356445312,182.47250366210938,182.47250366210938,1150.0
2022-11-29 11:32:00,182.60000610351562,182.61000061035156,182.60000610351562,182.61000061035156,1455.0
2022-11-29 11:33:00,182.56170654296875,182.56170654296875,182.56170654296875,182.56170654296875,201.0
2022-11-29 11:34:00,182.64500427246094,182.64500427246094,182.2899932861328,182.30999755859375,6106.0
2022-11-29 11:35:00,182.4199981689453,182.5399932861328,182.41000366210938,182.52999877929688,4309.0
2022-11-29 11:36:00,,,,,
2022-11-29 11:37:00,,,,,
2022-11-29 11:38:00,,,,,
2022-11-29 11:39:00,182.49639892578125,182.57000732421875,182.49639892578125,182.57000732421875,1054.0
2022-11-29 11:40:00,,,,,
2022-11-29 11:41:00,,,,,
2022-11-29 11:42:00,,,,,
2022-11-29 11:43:00,,,,,
2022-11-29 11:44:00,,,,,
2022-11-29 11:45:00,,,,,
2022-11-29 11:46:00,182.50999450683594,182.50999450683594,182.50999450683594,182.50999450683594,753.0
2022-11-29 11:47:00,,,,,
2022-11-29 11:48:00,,,,,
2022-11-29 11:49:00,182.6300048828125,182.6300048828125,182.6300048828125,182.6300048828125,141.0
2022-11-29 11:50:00,182.61570739746094,182.61570739746094,182.61570739746094,182.61570739746094,524.0
2022-11-29 11:51:00,,,,,
2022-11-29 11:52:00,,,,,
2022-11-29 11:53:00,,,,,
2022-11-29 11:54:00,,,,,
2022-11-29 11:55:00,182.6699981689453,182.6999969482422,182.6699981689453,182.6999969482422,692.0
2022-11-29 11:56:00,,,,,
2022-11-29 11:57:00,182.65769958496094,182.65769958496094,182.65769958496094,182.65769958496094,428.0
2022-11-29 11:58:00,,,,,
2022-11-29 11:59:00,182.6761932373047,182.6761932373047,182.6761932373047,182.6761932373047,582.0
2022-11-29 12:00:00,,,,,
2022-11-29 12:01:00,,,,,
2022-11-29 12:02:00,182.66000366210938,182.66000366210938,182.66000366210938,182.66000366210938,939.0
2022-11-29 12:03:00,,,,,
2022-11-29 12:04:00,,,,,
2022-11-29 12:05:00,,,,,
2022-11-29 12:06:00,,,,,
2022-11-29 12:07:00,,,,,
2022-11-29 12:08:00,,,,,
2022-11-29 12:09:00,,,,,
2022-11-29 12:10:00,,,,,
2022-11-29 12:11:00,,,,,
2022-11-29 12:12:00,,,,,
2022-11-29 12:13:00,182.5800018310547,182.5800018310547,182.5800018310547,182.5800018310547,178.0
2022-11-29 12:14:00,182.71299743652344,182.71299743652344,182.71299743652344,182.71299743652344,647.0
2022-11-29 12:15:00,182.71730041503906,182.71730041503906,182.71730041503906,182.71730041503906,486.0
2022-11-29 12:16:00,,,,,
2022-11-29 12:17:00,,,,,
2022-11-29 12:18:00,,,,,
2022-11-29 12:19:00,182.74000549316406,182.74000549316406,182.72999572753906,182.72999572753906,607.0
2022-11-29 12:20:00,182.75430297851562,182.75430297851562,182.67849731445312,182.67849731445312,1548.0
2022-11-29 12:21:00,,,,,
2022-11-29 12:22:00,,,,,
2022-11-29 12:23:00,,,,,
2022-11-29 12:24:00,182.73399353027344,182.73399353027344,182.73399353027344,182.73399353027344,174.0
2022-11-29 12:25:00,182.6649932861328,182.92999267578125,182.6649932861328,182.75999450683594,3844.0
2022-11-29 12:26:00,,,,,
2022-11-29 12:27:00,,,,,
2022-11-29 12:28:00,182.85000610351562,182.85000610351562,182.78500366210938,182.78500366210938,380.0
2022-11-29 12:29:00,182.77000427246094,182.7899932861328,182.75999450683594,182.7899932861328,1519.0
2022-11-29 12:30:00,,,,,
2022-11-29 12:31:00,,,,,
2022-11-29 12:32:00,182.97000122070312,182.97000122070312,182.97000122070312,182.97000122070312,665.0
2022-11-29 12:33:00,,,,,
2022-11-29 12:34:00,182.99000549316406,182.99000549316406,182.99000549316406,182.99000549316406,353.0
2022-11-29 12:35:00,183.0,183.0,183.0,183.0,336.0
2022-11-29 12:36:00,182.98500061035156,182.98500061035156,182.98109436035156,182.98109436035156,297.0
2022-11-29 12:37:00,183.05999755859375,183.13600158691406,183.05999755859375,183.13600158691406,884.0
2022-11-29 12:38:00,183.1699981689453,183.1699981689453,183.16000366210938,183.16000366210938,217.0
2022-11-29 12:39:00,183.16000366210938,183.2100067138672,183.16000366210938,183.2100067138672,381.0
2022-11-29 12:40:00,183.14999389648438,183.14999389648438,183.05999755859375,183.05999755859375,394.0
2022-11-29 12:41:00,183.0800018310547,183.0800018310547,183.0800018310547,183.0800018310547,481.0
2022-11-29 12:42:00,,,,,
2022-11-29 12:43:00,,,,,
2022-11-29 12:44:00,,,,,
2022-11-29 12:45:00,,,,,
2022-11-29 12:46:00,,,,,
2022-11-29 12:47:00,,,,,
2022-11-29 12:48:00,,,,,
2022-11-29 12:49:00,,,,,
2022-11-29 12:50:00,183.02999877929688,183.02999877929688,183.02999877929688,183.02999877929688,312.0
2022-11-29 12:51:00,,,,,
2022-11-29 12:52:00,183.0800018310547,183.0800018310547,183.0500030517578,183.05999755859375,914.0
2022-11-29 12:53:00,,,,,
2022-11-29 12:54:00,183.02000427246094,183.02000427246094,183.02000427246094,183.02000427246094,211.0
2022-11-29 12:55:00,,,,,
2022-11-29 12:56:00,,,,,
2022-11-29 12:57:00,182.96969604492188,182.96969604492188,182.96969604492188,182.96969604492188,261.0
2022-11-29 12:58:00,,,,,
2022-11-29 12:59:00,182.97000122070312,183.0449981689453,182.97000122070312,183.0449981689453,589.0
2022-11-29 13:00:00,183.00999450683594,183.00999450683594,182.94000244140625,182.97999572753906,496.0
2022-11-29 13:01:00,,,,,
2022-11-29 13:02:00,,,,,
2022-11-29 13:03:00,182.94000244140625,182.97000122070312,182.94000244140625,182.97000122070312,265.0
2022-11-29 13:04:00,182.92999267578125,182.9550018310547,182.7554931640625,182.7554931640625,883.0
2022-11-29 13:05:00,,,,,
2022-11-29 13:06:00,182.85499572753906,182.85499572753906,182.85499572753906,182.85499572753906,162.0
2022-11-29 13:07:00,182.85499572753906,182.85499572753906,182.85499572753906,182.85499572753906,229.0
2022-11-29 13:08:00,182.86500549316406,182.86500549316406,182.86500549316406,182.86500549316406,217.0
2022-11-29 13:09:00,182.7899932861328,182.7899932861328,182.7259979248047,182.7259979248047,387.0
2022-11-29 13:10:00,182.7550048828125,182.7550048828125,182.7550048828125,182.7550048828125,213.0
2022-11-29 13:11:00,,,,,
2022-11-29 13:12:00,182.8134002685547,182.8134002685547,182.72999572753906,182.72999572753906,460.0
2022-11-29 13:13:00,182.8300018310547,182.8300018310547,182.8300018310547,182.8300018310547,465.0
2022-11-29 13:14:00,182.8300018310547,182.8300018310547,182.81199645996094,182.8300018310547,430.0
2022-11-29 13:15:00,182.81500244140625,182.85000610351562,182.77000427246094,182.83999633789062,3294.0
2022-11-29 13:16:00,,,,,
2022-11-29 13:17:00,,,,,
2022-11-29 13:18:00,182.7779998779297,182.7779998779297,182.72999572753906,182.72999572753906,269.0
2022-11-29 13:19:00,182.83999633789062,182.83999633789062,182.83999633789062,182.83999633789062,317.0
2022-11-29 13:20:00,,,,,
2022-11-29 13:21:00,182.88999938964844,182.88999938964844,182.88999938964844,182.88999938964844,347.0
2022-11-29 13:22:00,,,,,
2022-11-29 13:23:00,,,,,
2022-11-29 13:24:00,,,,,
2022-11-29 13:25:00,182.8114013671875,182.85499572753906,182.80999755859375,182.80999755859375,970.0
2022-11-29 13:26:00,182.69000244140625,182.7100067138672,182.69000244140625,182.7100067138672,341.0
2022-11-29 13:27:00,,,,,
2022-11-29 13:28:00,182.66000366210938,182.66000366210938,182.66000366210938,182.66000366210938,286.0
2022-11-29 13:29:00,182.66000366210938,182.66000366210938,182.61000061035156,182.61000061035156,657.0
2022-11-29 13:30:00,182.66000366210938,182.66000366210938,182.64500427246094,182.64500427246094,788.0
2022-11-29 13:31:00,,,,,
2022-11-29 13:32:00,,,,,
2022-11-29 13:33:00,182.64999389648438,182.64999389648438,182.64999389648438,182.64999389648438,253.0
2022-11-29 13:34:00,182.6300048828125,182.63499450683594,182.6199951171875,182.6199951171875,434.0
2022-11-29 13:35:00,182.66000366210938,182.66000366210938,182.66000366210938,182.66000366210938,695.0
2022-11-29 13:36:00,,,,,
2022-11-29 13:37:00,,,,,
2022-11-29 13:38:00,182.72999572753906,182.8000030517578,182.72999572753906,182.8000030517578,1342.0
2022-11-29 13:39:00,,,,,
2022-11-29 13:40:00,,,,,
2022-11-29 13:41:00,182.75079345703125,182.75079345703125,182.75079345703125,182.75079345703125,428.0
2022-11-29 13:42:00,182.85000610351562,182.85000610351562,182.80999755859375,182.80999755859375,479.0
2022-11-29 13:43:00,,,,,
2022-11-29 13:44:00,182.77999877929688,182.77999877929688,182.77000427246094,182.77000427246094,846.0
2022-11-29 13:45:00,182.74000549316406,182.75,182.74000549316406,182.75,268.0
2022-11-29 13:46:00,182.72999572753906,182.72999572753906,182.72500610351562,182.72999572753906,642.0
2022-11-29 13:47:00,182.6999969482422,182.6999969482422,182.6999969482422,182.6999969482422,203.0
2022-11-29 13:48:00,,,,,
2022-11-29 13:49:00,,,,,
2022-11-29 13:50:00,182.65499877929688,182.66000366210938,182.64999389648438,182.66000366210938,1665.0
2022-11-29 13:51:00,182.7147979736328,182.7147979736328,182.68690490722656,182.68690490722656,1288.0
2022-11-29 13:52:00,182.6699981689453,182.6699981689453,182.66000366210938,182.66000366210938,1162.0
2022-11-29 13:53:00,,,,,
2022-11-29 13:54:00,,,,,
2022-11-29 13:55:00,182.66180419921875,182.66180419921875,182.66180419921875,182.66180419921875,679.0
2022-11-29 13:56:00,,,,,
2022-11-29 13:57:00,,,,,
2022-11-29 13:58:00,182.68760681152344,182.68760681152344,182.68760681152344,182.68760681152344,563.0
2022-11-29 13:59:00,,,,,
2022-11-29 14:00:00,182.86000061035156,182.86000061035156,182.86000061035156,182.86000061035156,262.0
2022-11-29 14:01:00,182.86000061035156,182.9199981689453,182.84500122070312,182.9199981689453,528.0
2022-11-29 14:02:00,,,,,
2022-11-29 14:03:00,182.9199981689453,182.9600067138672,182.91000366210938,182.9499969482422,1976.0
2022-11-29 14:04:00,182.89999389648438,182.89999389648438,182.8699951171875,182.8699951171875,562.0
2022-11-29 14:05:00,182.92999267578125,182.92999267578125,182.92999267578125,182.92999267578125,175.0
2022-11-29 14:06:00,182.89500427246094,182.89500427246094,182.89500427246094,182.89500427246094,252.0
2022-11-29 14:07:00,182.9149932861328,182.9149932861328,182.9149932861328,182.9149932861328,154.0
2022-11-29 14:08:00,182.86500549316406,182.86500549316406,182.85000610351562,182.86000061035156,1166.0
2022-11-29 14:09:00,,,,,
2022-11-29 14:10:00,182.91000366210938,182.91000366210938,182.91000366210938,182.91000366210938,317.0
2022-11-29 14:11:00,182.9499969482422,182.9600067138672,182.93499755859375,182.93499755859375,372.0
2022-11-29 14:12:00,182.88999938964844,182.9199981689453,182.88999938964844,182.9199981689453,699.0
2022-11-29 14:13:00,182.97000122070312,182.97000122070312,182.97000122070312,182.97000122070312,229.0
2022-11-29 14:14:00,,,,,
2022-11-29 14:15:00,,,,,
2022-11-29 14:16:00,182.89500427246094,182.89500427246094,182.89500427246094,182.89500427246094,478.0
2022-11-29 14:17:00,,,,,
2022-11-29 14:18:00,182.85000610351562,182.8800048828125,182.83999633789062,182.83999633789062,452.0
2022-11-29 14:19:00,182.80499267578125,182.85000610351562,182.80499267578125,182.83999633789062,796.0
2022-11-29 14:20:00,182.86000061035156,182.92750549316406,182.86000061035156,182.89999389648438,3535.0
2022-11-29 14:21:00,182.8800048828125,182.91000366210938,182.8800048828125,182.91000366210938,6522.0
2022-11-29 14:22:00,182.8800048828125,182.8800048828125,182.8800048828125,182.8800048828125,1041.0
2022-11-29 14:23:00,182.89999389648438,182.89999389648438,182.8800048828125,182.8800048828125,526.0
2022-11-29 14:24:00,182.8800048828125,182.89999389648438,182.8800048828125,182.8800048828125,4662.0
2022-11-29 14:25:00,182.8800048828125,182.92999267578125,182.8699951171875,182.8699951171875,2046.0
2022-11-29 14:26:00,182.8175048828125,182.8175048828125,182.72999572753906,182.72999572753906,1002.0
2022-11-29 14:27:00,182.66000366210938,182.66000366210938,182.66000366210938,182.66000366210938,136.0
2022-11-29 14:28:00,182.63499450683594,182.63499450683594,182.63499450683594,182.63499450683594,342.0
2022-11-29 14:29:00,,,,,
2022-11-29 14:30:00,182.58999633789062,182.60000610351562,182.52099609375,182.52099609375,1124.0
2022-11-29 14:31:00,182.3800048828125,182.5399932861328,182.36000061035156,182.5399932861328,1095.0
2022-11-29 14:32:00,,,,,
2022-11-29 14:33:00,182.6199951171875,182.6199951171875,182.50999450683594,182.50999450683594,1041.0
2022-11-29 14:34:00,,,,,
2022-11-29 14:35:00,,,,,
2022-11-29 14:36:00,,,,,
2022-11-29 14:37:00,,,,,
2022-11-29 14:38:00,182.4199981689453,182.44000244140625,182.4199981689453,182.42999267578125,736.0
2022-11-29 14:39:00,182.4199981689453,182.4199981689453,182.4199981689453,182.4199981689453,292.0
2022-11-29 14:40:00,,,,,
2022-11-29 14:41:00,,,,,
2022-11-29 14:42:00,182.406005859375,182.406005859375,182.406005859375,182.406005859375,115.0
2022-11-29 14:43:00,182.39549255371094,182.4600067138672,182.39549255371094,182.4600067138672,1621.0
2022-11-29 14:44:00,182.4355010986328,182.4355010986328,182.4355010986328,182.4355010986328,277.0
2022-11-29 14:45:00,182.4550018310547,182.4550018310547,182.4550018310547,182.4550018310547,311.0
2022-11-29 14:46:00,182.3699951171875,182.3699951171875,182.3699951171875,182.3699951171875,398.0
2022-11-29 14:47:00,,,,,
2022-11-29 14:48:00,182.4600067138672,182.6199951171875,182.4499969482422,182.60000610351562,4311.0
2022-11-29 14:49:00,182.6300048828125,182.6300048828125,182.6300048828125,182.6300048828125,301.0
2022-11-29 14:50:00,182.50999450683594,182.5800018310547,182.50999450683594,182.5800018310547,500.0
2022-11-29 14:51:00,,,,,
2022-11-29 14:52:00,182.57919311523438,182.57919311523438,182.57919311523438,182.57919311523438,108.0
2022-11-29 14:53:00,182.5836944580078,182.60499572753906,182.5399932861328,182.5399932861328,2056.0
2022-11-29 14:54:00,,,,,
2022-11-29 14:55:00,,,,,
2022-11-29 14:56:00,,,,,
2022-11-29 14:57:00,,,,,
2022-11-29 14:58:00,,,,,
2022-11-29 14:59:00,182.6300048828125,182.6300048828125,182.6300048828125,182.6300048828125,665.0
2022-11-29 15:00:00,,,,,
2022-11-29 15:01:00,182.6999969482422,182.6999969482422,182.6999969482422,182.6999969482422,139.0
2022-11-29 15:02:00,182.67999267578125,182.67999267578125,182.67999267578125,182.67999267578125,480.0
2022-11-29 15:03:00,,,,,
2022-11-29 15:04:00,182.6750030517578,182.6750030517578,182.6750030517578,182.6750030517578,230.0
2022-11-29 15:05:00,182.67999267578125,182.67999267578125,182.67999267578125,182.67999267578125,549.0
2022-11-29 15:06:00,,,,,
2022-11-29 15:07:00,182.7100067138672,182.7100067138672,182.7100067138672,182.7100067138672,226.0
2022-11-29 15:08:00,182.75,182.75,182.75,182.75,425.0
2022-11-29 15:09:00,182.74000549316406,182.7899932861328,182.74000549316406,182.7899932861328,622.0
2022-11-29 15:10:00,182.7100067138672,182.72000122070312,182.7100067138672,182.7100067138672,823.0
2022-11-29 15:11:00,182.6999969482422,182.6999969482422,182.6999969482422,182.6999969482422,444.0
2022-11-29 15:12:00,,,,,
2022-11-29 15:13:00,,,,,
2022-11-29 15:14:00,182.7100067138672,182.72000122070312,182.7100067138672,182.72000122070312,412.0
2022-11-29 15:15:00,182.7899932861328,182.7899932861328,182.7899932861328,182.7899932861328,486.0
2022-11-29 15:16:00,182.7082977294922,182.7154998779297,182.7082977294922,182.7154998779297,627.0
2022-11-29 15:17:00,182.7989959716797,182.7989959716797,182.7989959716797,182.7989959716797,595.0
2022-11-29 15:18:00,,,,,
2022-11-29 15:19:00,,,,,
2022-11-29 15:20:00,182.7899932861328,182.82000732421875,182.77499389648438,182.82000732421875,890.0
2022-11-29 15:21:00,182.82000732421875,182.82000732421875,182.82000732421875,182.82000732421875,581.0
2022-11-29 15:22:00,,,,,
2022-11-29 15:23:00,182.81199645996094,182.81199645996094,182.80999755859375,182.80999755859375,597.0
2022-11-29 15:24:00,182.7100067138672,182.77999877929688,182.7100067138672,182.72500610351562,851.0
2022-11-29 15:25:00,182.72579956054688,182.72579956054688,182.72579956054688,182.72579956054688,121.0
2022-11-29 15:26:00,182.72900390625,182.75999450683594,182.72900390625,182.75999450683594,769.0
2022-11-29 15:27:00,,,,,
2022-11-29 15:28:00,182.74000549316406,182.75,182.74000549316406,182.75,972.0
2022-11-29 15:29:00,,,,,
2022-11-29 15:30:00,182.72000122070312,182.72000122070312,182.72000122070312,182.72000122070312,372.0
2022-11-29 15:31:00,,,,,
2022-11-29 15:32:00,182.6649932861328,182.6649932861328,182.6649932861328,182.6649932861328,956.0
2022-11-29 15:33:00,,,,,
2022-11-29 15:34:00,182.74000549316406,182.74000549316406,182.74000549316406,182.74000549316406,214.0
2022-11-29 15:35:00,182.85000610351562,182.85000610351562,182.802001953125,182.802001953125,1021.0
2022-11-29 15:36:00,182.67999267578125,182.67999267578125,182.67999267578125,182.67999267578125,110.0
2022-11-29 15:37:00,182.66000366210938,182.66000366210938,182.66000366210938,182.66000366210938,368.0
2022-11-29 15:38:00,182.59930419921875,182.59930419921875,182.59930419921875,182.59930419921875,172.0
2022-11-29 15:39:00,182.5500030517578,182.58999633789062,182.5500030517578,182.58999633789062,832.0
2022-11-29 15:40:00,182.72000122070312,182.72000122070312,182.72000122070312,182.72000122070312,146.0
2022-11-29 15:41:00,182.6999969482422,182.74000549316406,182.6699981689453,182.74000549316406,903.0
2022-11-29 15:42:00,,,,,
2022-11-29 15:43:00,182.7899932861328,182.7899932861328,182.7899932861328,182.7899932861328,165.0
2022-11-29 15:44:00,182.77999877929688,182.77999877929688,182.6999969482422,182.6999969482422,594.0
2022-11-29 15:45:00,182.62100219726562,182.62100219726562,182.62100219726562,182.62100219726562,105.0
2022-11-29 15:46:00,182.6300048828125,182.63999938964844,182.56500244140625,182.61000061035156,860.0
2022-11-29 15:47:00,182.50999450683594,182.50999450683594,182.50999450683594,182.50999450683594,217.0
2022-11-29 15:48:00,182.67999267578125,182.67999267578125,182.59010314941406,182.59010314941406,985.0
2022-11-29 15:49:00,182.65499877929688,182.65499877929688,182.60000610351562,182.6199951171875,974.0
2022-11-29 15:50:00,182.64999389648438,182.64999389648438,182.44000244140625,182.52000427246094,3824.0
2022-11-29 15:51:00,182.4499969482422,182.4499969482422,182.39100646972656,182.42999267578125,1349.0
2022-11-29 15:52:00,182.5,182.55999755859375,182.49000549316406,182.5399932861328,4268.0
2022-11-29 15:53:00,182.5399932861328,182.5500030517578,182.37100219726562,182.37100219726562,1290.0
2022-11-29 15:54:00,182.46499633789062,182.5,182.4149932861328,182.5,1546.0
2022-11-29 15:55:00,182.4875030517578,182.55999755859375,182.4600067138672,182.4600067138672,2213.0
2022-11-29 15:56:00,182.42999267578125,182.50999450683594,182.42999267578125,182.47000122070312,2097.0
2022-11-29 15:57:00,182.4499969482422,182.4499969482422,182.44000244140625,182.44000244140625,878.0
2022-11-29 15:58:00,182.46499633789062,182.4824981689453,182.38999938964844,182.38999938964844,1904.0
2022-11-29 15:59:00,182.3699951171875,182.4499969482422,182.3509979248047,182.4499969482422,3625.0
2022-11-30 09:30:00,185.61000061035156,185.61000061035156,185.42999267578125,185.44000244140625,20328.0
2022-11-30 09:31:00,185.60000610351562,185.60000610351562,185.52000427246094,185.52999877929688,1057.0
2022-11-30 09:32:00,185.60000610351562,185.60000610351562,185.33999633789062,185.33999633789062,11451.0
2022-11-30 09:33:00,185.36000061035156,185.39999389648438,185.1300048828125,185.17999267578125,9703.0
2022-11-30 09:34:00,185.17999267578125,185.27999877929688,185.1699981689453,185.1699981689453,5697.0
2022-11-30 09:35:00,185.10000610351562,185.10000610351562,184.89500427246094,184.89999389648438,5850.0
2022-11-30 09:36:00,184.89999389648438,184.99000549316406,184.80999755859375,184.91000366210938,4727.0
2022-11-30 09:37:00,184.8699951171875,184.89999389648438,184.74000549316406,184.89999389648438,3288.0
2022-11-30 09:38:00,184.92999267578125,184.99000549316406,184.92999267578125,184.94000244140625,1077.0
2022-11-30 09:39:00,184.9600067138672,184.9600067138672,184.8000030517578,184.86000061035156,1721.0
2022-11-30 09:40:00,184.92999267578125,184.99000549316406,184.92999267578125,184.99000549316406,845.0
2022-11-30 09:41:00,185.00999450683594,185.00999450683594,184.97000122070312,184.97000122070312,1369.0
2022-11-30 09:42:00,185.00999450683594,185.3800048828125,184.97999572753906,185.1699981689453,4974.0
2022-11-30 09:43:00,185.27000427246094,185.27000427246094,185.11000061035156,185.11000061035156,1866.0
2022-11-30 09:44:00,185.05999755859375,185.13999938964844,185.05999755859375,185.13999938964844,740.0
2022-11-30 09:45:00,185.22000122070312,185.27000427246094,185.14999389648438,185.25999450683594,1549.0
2022-11-30 09:46:00,185.27999877929688,185.35000610351562,185.25,185.3000030517578,1724.0
2022-11-30 09:47:00,185.375,185.375,185.28500366210938,185.3249969482422,1120.0
2022-11-30 09:48:00,185.2949981689453,185.36000061035156,185.22999572753906,185.24000549316406,1295.0
2022-11-30 09:49:00,185.10000610351562,185.1300048828125,185.02000427246094,185.02000427246094,1149.0
2022-11-30 09:50:00,185.08999633789062,185.08999633789062,185.0500030517578,185.0500030517578,555.0
2022-11-30 09:51:00,185.06500244140625,185.1300048828125,185.05999755859375,185.05999755859375,1383.0
2022-11-30 09:52:00,184.99000549316406,185.09500122070312,184.99000549316406,185.08999633789062,1072.0
2022-11-30 09:53:00,185.11000061035156,185.14999389648438,185.10000610351562,185.14999389648438,2092.0
2022-11-30 09:54:00,185.1699981689453,185.22000122070312,185.1699981689453,185.1999969482422,877.0
2022-11-30 09:55:00,185.2100067138672,185.27999877929688,185.2100067138672,185.27000427246094,648.0
2022-11-30 09:56:00,185.25,185.25,185.22999572753906,185.22999572753906,1007.0
2022-11-30 09:57:00,185.1999969482422,185.2899932861328,185.1999969482422,185.2899932861328,100894.0
2022-11-30 09:58:00,185.30499267578125,185.4499969482422,185.30499267578125,185.4499969482422,1577.0
2022-11-30 09:59:00,185.47999572753906,185.47999572753906,185.3300018310547,185.3300018310547,2947.0
2022-11-30 10:00:00,185.27000427246094,185.35000610351562,184.9405975341797,184.9405975341797,2437.0
2022-11-30 10:01:00,184.97999572753906,185.02999877929688,184.9499969482422,184.9499969482422,1368.0
2022-11-30 10:02:00,184.99000549316406,185.0399932861328,184.9199981689453,184.9600067138672,1520.0
2022-11-30 10:03:00,185.0800018310547,185.1199951171875,185.0500030517578,185.0500030517578,581.0
2022-11-30 10:04:00,185.07000732421875,185.11000061035156,185.07000732421875,185.0800018310547,595.0
2022-11-30 10:05:00,185.1199951171875,185.1199951171875,185.02999877929688,185.02999877929688,455.0
2022-11-30 10:06:00,184.9949951171875,184.9949951171875,184.92999267578125,184.92999267578125,1246.0
2022-11-30 10:07:00,184.99000549316406,185.06900024414062,184.99000549316406,185.0,1331.0
2022-11-30 10:08:00,185.0,185.0500030517578,184.97000122070312,185.0399932861328,1928.0
2022-11-30 10:09:00,184.97000122070312,184.97000122070312,184.97000122070312,184.97000122070312,396.0
2022-11-30 10:10:00,184.9199981689453,184.97000122070312,184.83999633789062,184.83999633789062,956.0
2022-11-30 10:11:00,184.75999450683594,184.77000427246094,184.7050018310547,184.74000549316406,1682.0
2022-11-30 10:12:00,184.75999450683594,184.77000427246094,184.67999267578125,184.67999267578125,1285.0
2022-11-30 10:13:00,184.6199951171875,184.66000366210938,184.6199951171875,184.66000366210938,615.0
2022-11-30 10:14:00,184.64999389648438,184.66000366210938,184.52999877929688,184.5399932861328,905.0
2022-11-30 10:15:00,184.5399932861328,184.57000732421875,184.5,184.50999450683594,2491.0
2022-11-30 10:16:00,184.50999450683594,184.52999877929688,184.50999450683594,184.52000427246094,975.0
2022-11-30 10:17:00,184.5,184.50999450683594,184.47999572753906,184.47999572753906,555.0
2022-11-30 10:18:00,184.47999572753906,184.50999450683594,184.44000244140625,184.50999450683594,1280.0
2022-11-30 10:19:00,184.41000366210938,184.41000366210938,184.28070068359375,184.28070068359375,417.0
2022-11-30 10:20:00,184.25,184.25,184.216796875,184.216796875,260.0
2022-11-30 10:21:00,184.2100067138672,184.2100067138672,184.1750030517578,184.1750030517578,469.0
2022-11-30 10:22:00,184.2100067138672,184.22999572753906,184.1999969482422,184.22999572753906,2268.0
2022-11-30 10:23:00,184.24000549316406,184.27000427246094,184.24000549316406,184.27000427246094,968.0
2022-11-30 10:24:00,184.3000030517578,184.3000030517578,184.3000030517578,184.3000030517578,338.0
2022-11-30 10:25:00,184.2100067138672,184.2100067138672,184.1999969482422,184.1999969482422,511.0
2022-11-30 10:26:00,184.19000244140625,184.19000244140625,184.08999633789062,184.08999633789062,1595.0
2022-11-30 10:27:00,184.0,184.02999877929688,183.97999572753906,184.02999877929688,1394.0
2022-11-30 10:28:00,184.07000732421875,184.1199951171875,184.07000732421875,184.1199951171875,990.0
2022-11-30 10:29:00,184.11000061035156,184.1199951171875,184.05999755859375,184.05999755859375,2152.0
2022-11-30 10:30:00,184.0800018310547,184.17999267578125,184.0800018310547,184.17999267578125,1270.0
2022-11-30 10:31:00,184.02720642089844,184.02720642089844,184.02720642089844,184.02720642089844,158.0
2022-11-30 10:32:00,183.99000549316406,183.99000549316406,183.8699951171875,183.8699951171875,1094.0
2022-11-30 10:33:00,,,,,
2022-11-30 10:34:00,183.77000427246094,183.88999938964844,183.77000427246094,183.88999938964844,1322.0
2022-11-30 10:35:00,183.91000366210938,183.97999572753906,183.90499877929688,183.97999572753906,2523.0
2022-11-30 10:36:00,183.99000549316406,184.00999450683594,183.97000122070312,184.0,1423.0
2022-11-30 10:37:00,183.97999572753906,183.97999572753906,183.97999572753906,183.97999572753906,154.0
2022-11-30 10:38:00,183.94000244140625,183.94000244140625,183.94000244140625,183.94000244140625,351.0
2022-11-30 10:39:00,184.02000427246094,184.02000427246094,183.9600067138672,183.97500610351562,681.0
2022-11-30 10:40:00,184.02000427246094,184.07000732421875,184.0,184.02000427246094,1226.0
2022-11-30 10:41:00,184.08999633789062,184.08999633789062,184.08999633789062,184.08999633789062,119.0
2022-11-30 10:42:00,184.08999633789062,184.08999633789062,184.08999633789062,184.08999633789062,399.0
2022-11-30 10:43:00,184.0749969482422,184.0749969482422,184.0749969482422,184.0749969482422,153.0
2022-11-30 10:44:00,184.0399932861328,184.0800018310547,184.0399932861328,184.07000732421875,965.0
2022-11-30 10:45:00,184.02999877929688,184.02999877929688,183.8800048828125,183.8800048828125,727.0
2022-11-30 10:46:00,183.8300018310547,183.8300018310547,183.8300018310547,183.8300018310547,426.0
2022-11-30 10:47:00,183.83999633789062,183.83999633789062,183.64999389648438,183.64999389648438,1373.0
2022-11-30 10:48:00,183.67149353027344,183.67149353027344,183.67149353027344,183.67149353027344,319.0
2022-11-30 10:49:00,183.6300048828125,183.6300048828125,183.61000061035156,183.61000061035156,228.0
2022-11-30 10:50:00,183.6082000732422,183.61000061035156,183.57000732421875,183.61000061035156,877.0
2022-11-30 10:51:00,183.63999938964844,183.69000244140625,183.63999938964844,183.66000366210938,1591.0
2022-11-30 10:52:00,,,,,
2022-11-30 10:53:00,183.67999267578125,183.6999969482422,183.67999267578125,183.6999969482422,2800.0
2022-11-30 10:54:00,183.69000244140625,183.69000244140625,183.52000427246094,183.52000427246094,2107.0
2022-11-30 10:55:00,183.5200958251953,183.5200958251953,183.5200958251953,183.5200958251953,1028.0
2022-11-30 10:56:00,183.55999755859375,183.58999633789062,183.52000427246094,183.52999877929688,1722.0
2022-11-30 10:57:00,183.6199951171875,183.67999267578125,183.6199951171875,183.67999267578125,966.0
2022-11-30 10:58:00,183.5850067138672,183.61500549316406,183.5850067138672,183.61500549316406,585.0
2022-11-30 10:59:00,183.72000122070312,183.72000122070312,183.63999938964844,183.64190673828125,930.0
2022-11-30 11:00:00,,,,,
2022-11-30 11:01:00,,,,,
2022-11-30 11:02:00,183.55999755859375,183.57000732421875,183.55999755859375,183.57000732421875,802.0
2022-11-30 11:03:00,183.47860717773438,183.55999755859375,183.47860717773438,183.50999450683594,1447.0
2022-11-30 11:04:00,183.52000427246094,183.52000427246094,183.52000427246094,183.52000427246094,300.0
2022-11-30 11:05:00,183.55999755859375,183.55999755859375,183.55999755859375,183.55999755859375,507.0
2022-11-30 11:06:00,183.5800018310547,183.67999267578125,183.5800018310547,183.67999267578125,1770.0
2022-11-30 11:07:00,183.67999267578125,183.74000549316406,183.66000366210938,183.74000549316406,894.0
2022-11-30 11:08:00,183.72999572753906,183.74000549316406,183.72999572753906,183.74000549316406,303.0
2022-11-30 11:09:00,183.7602996826172,183.7602996826172,183.7602996826172,183.7602996826172,346.0
2022-11-30 11:10:00,183.62600708007812,183.67999267578125,183.62600708007812,183.67999267578125,1217.0
2022-11-30 11:11:00,183.72999572753906,183.72999572753906,183.72999572753906,183.72999572753906,563.0
2022-11-30 11:12:00,183.75999450683594,183.75999450683594,183.75999450683594,183.75999450683594,25476.0
2022-11-30 11:13:00,183.82000732421875,183.82000732421875,183.82000732421875,183.82000732421875,201.0
2022-11-30 11:14:00,183.83999633789062,183.83999633789062,183.83999633789062,183.83999633789062,448.0
2022-11-30 11:15:00,183.8000030517578,183.8800048828125,183.8000030517578,183.8800048828125,1893.0
2022-11-30 11:16:00,183.9199981689453,183.9199981689453,183.9199981689453,183.9199981689453,306.0
2022-11-30 11:17:00,183.77000427246094,183.77000427246094,183.77000427246094,183.77000427246094,110.0
2022-11-30 11:18:00,183.77040100097656,183.77040100097656,183.77040100097656,183.77040100097656,533.0
2022-11-30 11:19:00,,,,,
2022-11-30 11:20:00,183.8800048828125,183.8800048828125,183.8800048828125,183.8800048828125,737.0
2022-11-30 11:21:00,183.9600067138672,183.9600067138672,183.9600067138672,183.9600067138672,165.0
2022-11-30 11:22:00,183.9600067138672,184.0,183.9600067138672,184.0,1091.0
2022-11-30 11:23:00,184.0,184.0,183.9499969482422,183.9499969482422,403.0
2022-11-30 11:24:00,183.92999267578125,183.92999267578125,183.92999267578125,183.92999267578125,764.0
2022-11-30 11:25:00,,,,,
2022-11-30 11:26:00,183.9199981689453,183.9199981689453,183.8800048828125,183.8800048828125,702.0
2022-11-30 11:27:00,183.85000610351562,183.88999938964844,183.85000610351562,183.8668975830078,633.0
2022-11-30 11:28:00,183.88999938964844,183.9199981689453,183.85499572753906,183.85499572753906,1803.0
2022-11-30 11:29:00,183.7707061767578,183.7707061767578,183.7707061767578,183.7707061767578,485.0
2022-11-30 11:30:00,,,,,
2022-11-30 11:31:00,183.74000549316406,183.75,183.74000549316406,183.75,1065.0
2022-11-30 11:32:00,183.75999450683594,183.75999450683594,183.75999450683594,183.75999450683594,198.0
2022-11-30 11:33:00,,,,,
2022-11-30 11:34:00,183.4600067138672,183.69000244140625,183.4600067138672,183.69000244140625,3186.0
2022-11-30 11:35:00,183.72999572753906,183.74000549316406,183.72000122070312,183.72000122070312,672.0
2022-11-30 11:36:00,,,,,
2022-11-30 11:37:00,,,,,
2022-11-30 11:38:00,,,,,
2022-11-30 11:39:00,183.55499267578125,183.55499267578125,183.5,183.5050048828125,2827.0
2022-11-30 11:40:00,183.52999877929688,183.52999877929688,183.52000427246094,183.52000427246094,70466.0
2022-11-30 11:41:00,,,,,
2022-11-30 11:42:00,,,,,
2022-11-30 11:43:00,,,,,
2022-11-30 11:44:00,183.47000122070312,183.47000122070312,183.4499969482422,183.4499969482422,615.0
2022-11-30 11:45:00,183.33999633789062,183.3699951171875,183.27999877929688,183.3050994873047,1580.0
2022-11-30 11:46:00,183.42999267578125,183.42999267578125,183.39500427246094,183.39500427246094,655.0
2022-11-30 11:47:00,,,,,
2022-11-30 11:48:00,183.389892578125,183.389892578125,183.389892578125,183.389892578125,60595.0
2022-11-30 11:49:00,,,,,
2022-11-30 11:50:00,183.41000366210938,183.41000366210938,183.2100067138672,183.2100067138672,381.0
2022-11-30 11:51:00,,,,,
2022-11-30 11:52:00,183.47999572753906,183.47999572753906,183.47999572753906,183.47999572753906,451.0
2022-11-30 11:53:00,,,,,
2022-11-30 11:54:00,183.47999572753906,183.47999572753906,183.47999572753906,183.47999572753906,150.0
2022-11-30 11:55:00,183.4149932861328,183.5,183.4149932861328,183.48500061035156,960.0
2022-11-30 11:56:00,183.4600067138672,183.47999572753906,183.39999389648438,183.4600067138672,1390.0
2022-11-30 11:57:00,,,,,
2022-11-30 11:58:00,,,,,
2022-11-30 11:59:00,183.6699981689453,183.6999969482422,183.60000610351562,183.60000610351562,867.0
2022-11-30 12:00:00,,,,,
2022-11-30 12:01:00,,,,,
2022-11-30 12:02:00,,,,,
2022-11-30 12:03:00,183.86000061035156,183.86000061035156,183.86000061035156,183.86000061035156,565.0
2022-11-30 12:04:00,,,,,
2022-11-30 12:05:00,,,,,
2022-11-30 12:06:00,,,,,
2022-11-30 12:07:00,183.50999450683594,183.50999450683594,183.32000732421875,183.3300018310547,2334.0
2022-11-30 12:08:00,183.52000427246094,183.64999389648438,183.47999572753906,183.64999389648438,1038.0
2022-11-30 12:09:00,,,,,
2022-11-30 12:10:00,,,,,
2022-11-30 12:11:00,183.6300048828125,183.6300048828125,183.6300048828125,183.6300048828125,568.0
2022-11-30 12:12:00,,,,,
2022-11-30 12:13:00,,,,,
2022-11-30 12:14:00,,,,,
2022-11-30 12:15:00,183.46749877929688,183.5399932861328,183.35299682617188,183.42999267578125,1749.0
2022-11-30 12:16:00,,,,,
2022-11-30 12:17:00,183.32000732421875,183.3800048828125,183.32000732421875,183.36500549316406,664.0
2022-11-30 12:18:00,,,,,
2022-11-30 12:19:00,183.19500732421875,183.19500732421875,183.19500732421875,183.19500732421875,110.0
2022-11-30 12:20:00,183.0800018310547,183.14309692382812,183.0500030517578,183.0500030517578,662.0
2022-11-30 12:21:00,183.0500030517578,183.0500030517578,183.0500030517578,183.0500030517578,461.0
2022-11-30 12:22:00,183.19000244140625,183.19000244140625,183.19000244140625,183.19000244140625,176.0
2022-11-30 12:23:00,183.2281036376953,183.2281036376953,183.2281036376953,183.2281036376953,445.0
2022-11-30 12:24:00,,,,,
2022-11-30 12:25:00,183.1999969482422,183.1999969482422,183.1999969482422,183.1999969482422,1573.0
2022-11-30 12:26:00,,,,,
2022-11-30 12:27:00,,,,,
2022-11-30 12:28:00,,,,,
2022-11-30 12:29:00,,,,,
2022-11-30 12:30:00,183.2738037109375,183.33999633789062,183.2738037109375,183.33999633789062,983.0
2022-11-30 12:31:00,,,,,
2022-11-30 12:32:00,,,,,
2022-11-30 12:33:00,,,,,
2022-11-30 12:34:00,183.1750030517578,183.1750030517578,183.1750030517578,183.1750030517578,736.0
2022-11-30 12:35:00,,,,,
2022-11-30 12:36:00,183.0500030517578,183.05999755859375,183.0500030517578,183.05999755859375,490.0
2022-11-30 12:37:00,183.16000366210938,183.1649932861328,183.16000366210938,183.1649932861328,392.0
2022-11-30 12:38:00,,,,,
2022-11-30 12:39:00,183.1699981689453,183.1699981689453,183.11000061035156,183.11000061035156,920.0
2022-11-30 12:40:00,183.0800018310547,183.0800018310547,183.0800018310547,183.0800018310547,111.0
2022-11-30 12:41:00,183.0800018310547,183.0800018310547,183.0800018310547,183.0800018310547,780.0
2022-11-30 12:42:00,,,,,
2022-11-30 12:43:00,183.05999755859375,183.05999755859375,183.05999755859375,183.05999755859375,527.0
2022-11-30 12:44:00,,,,,
2022-11-30 12:45:00,,,,,
2022-11-30 12:46:00,,,,,
2022-11-30 12:47:00,183.25999450683594,183.33999633789062,183.25999450683594,183.33999633789062,468.0
2022-11-30 12:48:00,183.31109619140625,183.31109619140625,183.31109619140625,183.31109619140625,216.0
2022-11-30 12:49:00,,,,,
2022-11-30 12:50:00,,,,,
2022-11-30 12:51:00,,,,,
2022-11-30 12:52:00,183.0800018310547,183.0800018310547,183.0800018310547,183.0800018310547,282.0
2022-11-30 12:53:00,183.22999572753906,183.22999572753906,183.08999633789062,183.08999633789062,1274.0
2022-11-30 12:54:00,,,,,
2022-11-30 12:55:00,183.16000366210938,183.27000427246094,183.16000366210938,183.27000427246094,481.0
2022-11-30 12:56:00,183.1278076171875,183.1278076171875,183.1278076171875,183.1278076171875,254.0
2022-11-30 12:57:00,183.17999267578125,183.25999450683594,183.1699981689453,183.24000549316406,1314.0
2022-11-30 12:58:00,183.24749755859375,183.24749755859375,183.24749755859375,183.24749755859375,592.0
2022-11-30 12:59:00,,,,,
2022-11-30 13:00:00,,,,,
2022-11-30 13:01:00,183.40890502929688,183.40890502929688,183.40890502929688,183.40890502929688,341.0
2022-11-30 13:02:00,183.5399932861328,183.5399932861328,183.5399932861328,183.5399932861328,475.0
2022-11-30 13:03:00,,,,,
2022-11-30 13:04:00,,,,,
2022-11-30 13:05:00,,,,,
2022-11-30 13:06:00,183.55999755859375,183.55999755859375,183.55999755859375,183.55999755859375,313.0
2022-11-30 13:07:00,183.55999755859375,183.55999755859375,183.5500030517578,183.5500030517578,305.0
2022-11-30 13:08:00,183.5399932861328,183.5399932861328,183.5399932861328,183.5399932861328,292.0
2022-11-30 13:09:00,,,,,
2022-11-30 13:10:00,183.46499633789062,183.46499633789062,183.46499633789062,183.46499633789062,297.0
2022-11-30 13:11:00,,,,,
2022-11-30 13:12:00,,,,,
2022-11-30 13:13:00,183.45590209960938,183.4600067138672,183.45590209960938,183.4600067138672,385.0
2022-11-30 13:14:00,183.42999267578125,183.48500061035156,183.42999267578125,183.48500061035156,392.0
2022-11-30 13:15:00,183.5399932861328,183.5399932861328,183.49000549316406,183.49000549316406,618.0
2022-11-30 13:16:00,183.5500030517578,183.58999633789062,183.5500030517578,183.58999633789062,945.0
2022-11-30 13:17:00,,,,,
2022-11-30 13:18:00,,,,,
2022-11-30 13:19:00,,,,,
2022-11-30 13:20:00,183.41000366210938,183.41000366210938,183.41000366210938,183.41000366210938,257.0
2022-11-30 13:21:00,183.44000244140625,183.44000244140625,183.44000244140625,183.44000244140625,391.0
2022-11-30 13:22:00,,,,,
2022-11-30 13:23:00,183.3323974609375,183.3323974609375,183.3323974609375,183.3323974609375,148.0
2022-11-30 13:24:00,183.30999755859375,183.30999755859375,183.30999755859375,183.30999755859375,646.0
2022-11-30 13:25:00,183.47000122070312,183.47000122070312,183.4600067138672,183.4600067138672,774.0
2022-11-30 13:26:00,,,,,
2022-11-30 13:27:00,,,,,
2022-11-30 13:28:00,,,,,
2022-11-30 13:29:00,183.17999267578125,183.24000549316406,183.17999267578125,183.24000549316406,333.0
2022-11-30 13:30:00,183.47000122070312,184.0131072998047,183.47000122070312,184.0131072998047,1047.0
2022-11-30 13:31:00,184.0500030517578,184.39999389648438,184.0500030517578,184.39999389648438,644.0
2022-11-30 13:32:00,184.10000610351562,184.26499938964844,184.0800018310547,184.26499938964844,511.0
2022-11-30 13:33:00,184.1699981689453,184.1699981689453,184.1699981689453,184.1699981689453,437.0
2022-11-30 13:34:00,,,,,
2022-11-30 13:35:00,183.89999389648438,184.2100067138672,183.89999389648438,184.2100067138672,571.0
2022-11-30 13:36:00,184.1699981689453,184.1699981689453,184.1699981689453,184.1699981689453,188.0
2022-11-30 13:37:00,184.1999969482422,184.22000122070312,184.1699981689453,184.1750030517578,1295.0
2022-11-30 13:38:00,184.1699981689453,184.44000244140625,184.1699981689453,184.44000244140625,6952.0
2022-11-30 13:39:00,184.5800018310547,184.5800018310547,184.4949951171875,184.5050048828125,1121.0
2022-11-30 13:40:00,184.57000732421875,184.66000366210938,184.5500030517578,184.57000732421875,2086.0
2022-11-30 13:41:00,184.5800018310547,184.5800018310547,184.5800018310547,184.5800018310547,266.0
2022-11-30 13:42:00,184.41000366210938,184.41000366210938,184.41000366210938,184.41000366210938,283.0
2022-11-30 13:43:00,184.2100067138672,184.2100067138672,184.2100067138672,184.2100067138672,638.0
2022-11-30 13:44:00,184.3000030517578,184.3000030517578,184.3000030517578,184.3000030517578,504.0
2022-11-30 13:45:00,184.47000122070312,184.47000122070312,184.47000122070312,184.47000122070312,972.0
2022-11-30 13:46:00,184.25,184.25,184.0500030517578,184.0500030517578,442.0
2022-11-30 13:47:00,184.19500732421875,184.25999450683594,184.19500732421875,184.25999450683594,588.0
2022-11-30 13:48:00,184.3699951171875,184.3699951171875,184.3699951171875,184.3699951171875,355.0
2022-11-30 13:49:00,184.27999877929688,184.2899932861328,184.27999877929688,184.2899932861328,606.0
2022-11-30 13:50:00,,,,,
2022-11-30 13:51:00,184.27000427246094,184.27000427246094,184.27000427246094,184.27000427246094,141.0
2022-11-30 13:52:00,,,,,
2022-11-30 13:53:00,184.30999755859375,184.32000732421875,184.30999755859375,184.32000732421875,518.0
2022-11-30 13:54:00,,,,,
2022-11-30 13:55:00,,,,,
2022-11-30 13:56:00,,,,,
2022-11-30 13:57:00,184.6699981689453,184.78500366210938,184.5500030517578,184.69000244140625,2723.0
2022-11-30 13:58:00,184.72000122070312,184.72000122070312,184.71499633789062,184.71499633789062,443.0
2022-11-30 13:59:00,184.8300018310547,184.93099975585938,184.77999877929688,184.77999877929688,8643.0
2022-11-30 14:00:00,184.88999938964844,184.99000549316406,184.88999938964844,184.99000549316406,722.0
2022-11-30 14:01:00,184.97500610351562,184.97500610351562,184.8300018310547,184.8300018310547,704.0
2022-11-30 14:02:00,184.75,184.90499877929688,184.75,184.90499877929688,1232.0
2022-11-30 14:03:00,,,,,
2022-11-30 14:04:00,184.93499755859375,184.93499755859375,184.93499755859375,184.93499755859375,224.0
2022-11-30 14:05:00,184.91000366210938,185.11000061035156,184.91000366210938,185.0,8382.0
2022-11-30 14:06:00,185.05499267578125,185.11000061035156,185.05499267578125,185.11000061035156,1899.0
2022-11-30 14:07:00,185.07000732421875,185.07000732421875,185.02000427246094,185.02000427246094,1254.0
2022-11-30 14:08:00,184.8699951171875,184.8800048828125,184.8699951171875,184.8800048828125,887.0
2022-11-30 14:09:00,,,,,
2022-11-30 14:10:00,,,,,
2022-11-30 14:11:00,184.97999572753906,185.08999633789062,184.97999572753906,185.08999633789062,2713.0
2022-11-30 14:12:00,184.9868927001953,184.9868927001953,184.9868927001953,184.9868927001953,612.0
2022-11-30 14:13:00,185.00999450683594,185.00999450683594,184.8699951171875,184.9600067138672,2267.0
2022-11-30 14:14:00,185.02000427246094,185.0399932861328,185.02000427246094,185.0399932861328,1498.0
2022-11-30 14:15:00,185.10000610351562,185.10000610351562,185.0500030517578,185.0500030517578,1217.0
2022-11-30 14:16:00,,,,,
2022-11-30 14:17:00,185.32000732421875,185.4199981689453,185.32000732421875,185.34750366210938,923.0
2022-11-30 14:18:00,185.38999938964844,185.4600067138672,185.37730407714844,185.4600067138672,1165.0
2022-11-30 14:19:00,185.73280334472656,185.73280334472656,185.62069702148438,185.62069702148438,581.0
2022-11-30 14:20:00,185.63999938964844,185.6699981689453,185.63999938964844,185.6699981689453,319.0
2022-11-30 14:21:00,185.55999755859375,185.74000549316406,185.52999877929688,185.74000549316406,2583.0
2022-11-30 14:22:00,185.8000030517578,185.8000030517578,185.7819061279297,185.7819061279297,489.0
2022-11-30 14:23:00,,,,,
2022-11-30 14:24:00,185.58999633789062,185.69000244140625,185.58999633789062,185.67999267578125,755.0
2022-11-30 14:25:00,,,,,
2022-11-30 14:26:00,,,,,
2022-11-30 14:27:00,,,,,
2022-11-30 14:28:00,185.64999389648438,185.64999389648438,185.64999389648438,185.64999389648438,123.0
2022-11-30 14:29:00,185.56500244140625,185.56500244140625,185.56500244140625,185.56500244140625,131.0
2022-11-30 14:30:00,185.52000427246094,185.52000427246094,185.47999572753906,185.47999572753906,423.0
2022-11-30 14:31:00,185.55470275878906,185.60499572753906,185.41000366210938,185.60499572753906,510.0
2022-11-30 14:32:00,,,,,
2022-11-30 14:33:00,185.60000610351562,185.60000610351562,185.47999572753906,185.47999572753906,840.0
2022-11-30 14:34:00,185.61749267578125,185.6300048828125,185.61749267578125,185.61749267578125,667.0
2022-11-30 14:35:00,185.53489685058594,185.63999938964844,185.53489685058594,185.63999938964844,702.0
2022-11-30 14:36:00,,,,,
2022-11-30 14:37:00,185.5500030517578,185.5946044921875,185.46380615234375,185.5946044921875,1127.0
2022-11-30 14:38:00,,,,,
2022-11-30 14:39:00,185.55499267578125,185.55499267578125,185.55499267578125,185.55499267578125,361.0
2022-11-30 14:40:00,,,,,
2022-11-30 14:41:00,,,,,
2022-11-30 14:42:00,185.625,185.6699981689453,185.625,185.65499877929688,1257.0
2022-11-30 14:43:00,185.5,185.52499389648438,185.4499969482422,185.4499969482422,1372.0
2022-11-30 14:44:00,185.40499877929688,185.40499877929688,185.40499877929688,185.40499877929688,102.0
2022-11-30 14:45:00,185.42999267578125,185.49240112304688,185.42999267578125,185.47500610351562,1455.0
2022-11-30 14:46:00,185.44000244140625,185.5050048828125,185.4199981689453,185.4199981689453,1300.0
2022-11-30 14:47:00,185.4199981689453,185.55999755859375,185.4199981689453,185.55999755859375,4822.0
2022-11-30 14:48:00,185.51499938964844,185.51499938964844,185.51499938964844,185.51499938964844,876.0
2022-11-30 14:49:00,185.52999877929688,185.63999938964844,185.52999877929688,185.625,2430.0
2022-11-30 14:50:00,185.72999572753906,185.75999450683594,185.72999572753906,185.75999450683594,513.0
2022-11-30 14:51:00,185.8000030517578,185.8000030517578,185.8000030517578,185.8000030517578,520.0
2022-11-30 14:52:00,,,,,
2022-11-30 14:53:00,185.8000030517578,185.8000030517578,185.69000244140625,185.69000244140625,242.0
2022-11-30 14:54:00,185.6999969482422,185.77000427246094,185.69000244140625,185.75999450683594,1340.0
2022-11-30 14:55:00,185.75,185.8300018310547,185.75,185.8300018310547,624.0
2022-11-30 14:56:00,185.6699981689453,185.6699981689453,185.60000610351562,185.6699981689453,1759.0
2022-11-30 14:57:00,,,,,
2022-11-30 14:58:00,,,,,
2022-11-30 14:59:00,,,,,
2022-11-30 15:00:00,185.7899932861328,185.7899932861328,185.7899932861328,185.7899932861328,146.0
2022-11-30 15:01:00,185.75999450683594,185.77999877929688,185.75999450683594,185.77999877929688,1551.0
2022-11-30 15:02:00,185.80999755859375,185.8925018310547,185.80999755859375,185.8925018310547,1432.0
2022-11-30 15:03:00,,,,,
2022-11-30 15:04:00,185.89500427246094,185.89500427246094,185.89500427246094,185.89500427246094,297.0
2022-11-30 15:05:00,186.0,186.0,186.0,186.0,477.0
2022-11-30 15:06:00,186.05999755859375,186.1199951171875,186.0399932861328,186.0399932861328,1018.0
2022-11-30 15:07:00,186.0,186.00999450683594,186.0,186.00999450683594,407.0
2022-11-30 15:08:00,,,,,
2022-11-30 15:09:00,186.0500030517578,186.16000366210938,186.0500030517578,186.16000366210938,537.0
2022-11-30 15:10:00,186.10549926757812,186.10549926757812,186.10549926757812,186.10549926757812,1064.0
2022-11-30 15:11:00,186.1199951171875,186.1199951171875,186.1199951171875,186.1199951171875,322.0
2022-11-30 15:12:00,,,,,
2022-11-30 15:13:00,186.10000610351562,186.10000610351562,186.10000610351562,186.10000610351562,197.0
2022-11-30 15:14:00,186.09249877929688,186.09249877929688,186.09249877929688,186.09249877929688,440.0
2022-11-30 15:15:00,,,,,
2022-11-30 15:16:00,186.0800018310547,186.17999267578125,186.0800018310547,186.1300048828125,3582.0
2022-11-30 15:17:00,186.16290283203125,186.16290283203125,186.16290283203125,186.16290283203125,551.0
2022-11-30 15:18:00,186.1699981689453,186.22000122070312,186.11000061035156,186.11000061035156,4401.0
2022-11-30 15:19:00,186.1300048828125,186.1699981689453,186.0500030517578,186.0500030517578,1948.0
2022-11-30 15:20:00,186.13499450683594,186.13499450683594,186.11000061035156,186.11000061035156,448.0
2022-11-30 15:21:00,186.1300048828125,186.2100067138672,186.0850067138672,186.2100067138672,3132.0
2022-11-30 15:22:00,186.2198944091797,186.2198944091797,186.2198944091797,186.2198944091797,830.0
2022-11-30 15:23:00,,,,,
2022-11-30 15:24:00,,,,,
2022-11-30 15:25:00,186.22999572753906,186.22999572753906,186.13999938964844,186.2050018310547,1312.0
2022-11-30 15:26:00,186.21499633789062,186.21499633789062,186.21499633789062,186.21499633789062,610.0
2022-11-30 15:27:00,186.3699951171875,186.3699951171875,186.3699951171875,186.3699951171875,198.0
2022-11-30 15:28:00,186.2899932861328,186.2899932861328,186.2899932861328,186.2899932861328,205.0
2022-11-30 15:29:00,,,,,
2022-11-30 15:30:00,186.22000122070312,186.22000122070312,186.19000244140625,186.19000244140625,798.0
2022-11-30 15:31:00,186.10000610351562,186.22500610351562,186.0,186.19500732421875,7033.0
2022-11-30 15:32:00,186.27999877929688,186.39999389648438,186.27000427246094,186.34500122070312,3246.0
2022-11-30 15:33:00,186.44000244140625,186.44000244140625,186.17999267578125,186.17999267578125,7043.0
2022-11-30 15:34:00,186.22000122070312,186.3249969482422,186.2042999267578,186.2100067138672,761.0
2022-11-30 15:35:00,186.24000549316406,186.49000549316406,186.24000549316406,186.49000549316406,1572.0
2022-11-30 15:36:00,186.52000427246094,186.58999633789062,186.39999389648438,186.39999389648438,4004.0
2022-11-30 15:37:00,186.47000122070312,186.52999877929688,186.1699981689453,186.1699981689453,3673.0
2022-11-30 15:38:00,186.27999877929688,186.36500549316406,186.22000122070312,186.22000122070312,3108.0
2022-11-30 15:39:00,,,,,
2022-11-30 15:40:00,,,,,
2022-11-30 15:41:00,,,,,
2022-11-30 15:42:00,186.24000549316406,186.27000427246094,186.22000122070312,186.27000427246094,1592.0
2022-11-30 15:43:00,186.25999450683594,186.25999450683594,186.19000244140625,186.19000244140625,562.0
2022-11-30 15:44:00,186.16000366210938,186.17999267578125,186.16000366210938,186.17999267578125,500.0
2022-11-30 15:45:00,186.22999572753906,186.24000549316406,186.1699981689453,186.1699981689453,1632.0
2022-11-30 15:46:00,186.27999877929688,186.27999877929688,186.27999877929688,186.27999877929688,323.0
2022-11-30 15:47:00,186.27999877929688,186.2899932861328,186.22999572753906,186.25999450683594,1667.0
2022-11-30 15:48:00,186.2100067138672,186.3699951171875,186.2100067138672,186.3699951171875,7299.0
2022-11-30 15:49:00,186.3249969482422,186.41000366210938,186.27000427246094,186.41000366210938,7054.0
2022-11-30 15:50:00,186.61000061035156,186.6300048828125,186.4600067138672,186.55999755859375,2579.0
2022-11-30 15:51:00,186.60000610351562,186.6199951171875,186.4199981689453,186.4199981689453,3483.0
2022-11-30 15:52:00,186.36000061035156,186.5800018310547,186.36000061035156,186.52000427246094,2233.0
2022-11-30 15:53:00,186.57000732421875,186.72000122070312,186.57000732421875,186.64999389648438,4622.0
2022-11-30 15:54:00,186.60499572753906,186.71499633789062,186.60499572753906,186.71499633789062,1428.0
2022-11-30 15:55:00,186.68499755859375,186.71499633789062,186.6699981689453,186.6999969482422,1473.0
2022-11-30 15:56:00,186.6999969482422,186.72500610351562,186.58999633789062,186.7100067138672,4994.0
2022-11-30 15:57:00,186.7050018310547,186.72999572753906,186.58999633789062,186.60000610351562,10195.0
2022-11-30 15:58:00,186.5800018310547,186.61000061035156,186.4600067138672,186.52000427246094,4308.0
2022-11-30 15:59:00,186.4600067138672,186.66000366210938,186.4600067138672,186.66000366210938,13564.0
2022-12-01 09:30:00,,,,,
